 2.4000000000000004E+000  1.0053248082199124E+001
 2.4500000000000002E+000  1.2627254967038906E+001
 2.5000000000000000E+000  1.3565052896583495E+001
 2.5500000000000003E+000  1.3199509393549301E+001
 2.6000000000000001E+000  1.4535647946113082E+001
 2.6500000000000004E+000  1.5648002229368748E+001
 2.7000000000000002E+000  1.6759240731712939E+001
 2.7500000000000000E+000  2.0232385520380486E+001
 2.8000000000000003E+000  3.0418875374383216E+001
 2.8500000000000001E+000  6.7115177935152104E+001
 2.9000000000000004E+000  1.5750872149399339E+002
 2.9500000000000002E+000  3.1328412996029937E+002
 3.0000000000000000E+000  4.5852769483236432E+002
 3.0500000000000003E+000  5.7562490670666023E+002
 3.1000000000000001E+000  6.8210836203098904E+002
 3.1500000000000004E+000  7.1320068699727426E+002
 3.2000000000000002E+000  6.0753489983029021E+002
 3.2500000000000000E+000  4.5804764767165710E+002
 3.3000000000000003E+000  3.6145654607294023E+002
 3.3500000000000001E+000  3.4111717764008984E+002
 3.4000000000000004E+000  3.3970541481467524E+002
 3.4500000000000002E+000  3.0702697153748375E+002
 3.5000000000000000E+000  2.6716875948484619E+002
 3.5500000000000003E+000  2.3740488394665684E+002
 3.6000000000000001E+000  2.0684428072766767E+002
 3.6500000000000004E+000  1.8166265296308430E+002
 3.7000000000000002E+000  1.6395376775588892E+002
 3.7500000000000000E+000  1.5083948079734313E+002
 3.8000000000000003E+000  1.3438424795019961E+002
 3.8500000000000001E+000  1.1897271539534815E+002
 3.9000000000000004E+000  1.1394824039578593E+002
 3.9500000000000002E+000  1.1101833861741945E+002
 4.0000000000000000E+000  1.0929571130300316E+002
 4.0499999999999998E+000  1.1106392557077211E+002
 4.1000000000000005E+000  1.1129803865451083E+002
 4.1500000000000004E+000  1.0951954446232287E+002
 4.2000000000000002E+000  1.0635740942674835E+002
 4.2500000000000000E+000  1.0303514890373727E+002
 4.2999999999999998E+000  1.0071755262136544E+002
 4.3500000000000005E+000  9.8522505123906015E+001
 4.4000000000000004E+000  9.6578559555995511E+001
 4.4500000000000002E+000  9.4269344462691208E+001
 4.5000000000000000E+000  9.2049524817566521E+001
 4.5499999999999998E+000  9.0259033947885470E+001
 4.6000000000000005E+000  8.8741050763749143E+001
 4.6500000000000004E+000  8.5831179650078113E+001
 4.7000000000000002E+000  8.4387346910057786E+001
 4.7500000000000000E+000  8.4151169704798761E+001
 4.8000000000000007E+000  8.3398088584547764E+001
 4.8500000000000005E+000  8.2390744910732550E+001
 4.9000000000000004E+000  7.9811590291826207E+001
 4.9500000000000002E+000  7.6406986814844586E+001
 5.0000000000000000E+000  7.3193026873292936E+001
 5.0500000000000007E+000  7.0130366542752540E+001
 5.1000000000000005E+000  6.8044221501768021E+001
 5.1500000000000004E+000  6.6748605176182309E+001
 5.2000000000000002E+000  6.8951783607768689E+001
 5.2500000000000000E+000  7.3500951452283729E+001
 5.3000000000000007E+000  7.9977157395513785E+001
 5.3500000000000005E+000  8.6335263118792895E+001
 5.4000000000000004E+000  8.9672195895956122E+001
 5.4500000000000002E+000  8.8962933773606267E+001
 5.5000000000000000E+000  8.3606094404450246E+001
 5.5500000000000007E+000  7.6794923959394822E+001
 5.6000000000000005E+000  6.9866533308677930E+001
 5.6500000000000004E+000  6.4419058038522650E+001
 5.7000000000000002E+000  5.9872489174425290E+001
 5.7500000000000000E+000  5.7573450514747947E+001
 5.8000000000000007E+000  5.6783375181380165E+001
 5.8500000000000005E+000  5.6531369810385982E+001
 5.9000000000000004E+000  5.6754673122570082E+001
 5.9500000000000002E+000  5.8330520613817207E+001
 6.0000000000000000E+000  6.3218667629560841E+001
 6.0500000000000007E+000  7.3001483423963208E+001
 6.1000000000000005E+000  8.4360804437720304E+001
 6.1500000000000004E+000  9.2825839699015447E+001
 6.2000000000000002E+000  9.7149944603933250E+001
 6.2500000000000000E+000  9.6380809276394118E+001
 6.3000000000000007E+000  9.0936288431318090E+001
 6.3500000000000005E+000  8.1782516281283876E+001
 6.4000000000000004E+000  7.2236092655715140E+001
 6.4500000000000002E+000  6.4766110668412679E+001
 6.5000000000000000E+000  6.0615924272979917E+001
 6.5500000000000007E+000  5.9555604274966889E+001
 6.6000000000000005E+000  6.0625365186613330E+001
 6.6500000000000004E+000  6.3880519315563618E+001
 6.7000000000000002E+000  6.9688020444624158E+001
 6.7500000000000000E+000  7.7952965381601700E+001
 6.8000000000000007E+000  8.8160601976386928E+001
 6.8500000000000005E+000  9.6751414281945458E+001
 6.9000000000000004E+000  9.8144741457009488E+001
 6.9500000000000002E+000  9.6721209911927943E+001
 7.0000000000000000E+000  9.6061158147904720E+001
 7.0500000000000007E+000  1.0026765864338378E+002
 7.1000000000000005E+000  1.0568558341492887E+002
 7.1500000000000004E+000  1.0858311211837804E+002
 7.2000000000000002E+000  1.0385716939839088E+002
 7.2500000000000000E+000  9.4674506313935055E+001
 7.3000000000000007E+000  8.5184733508388959E+001
 7.3500000000000005E+000  7.7314602990268881E+001
 7.4000000000000004E+000  7.3283017132015829E+001
 7.4500000000000002E+000  7.2211153417664008E+001
 7.5000000000000000E+000  7.2162135260877804E+001
 7.5500000000000007E+000  7.3314304075477949E+001
 7.6000000000000005E+000  7.7598701817381027E+001
 7.6500000000000004E+000  8.7295034521918410E+001
 7.7000000000000002E+000  1.0364169534809230E+002
 7.7500000000000000E+000  1.2627189195243388E+002
 7.8000000000000007E+000  1.4716004623894884E+002
 7.8500000000000005E+000  1.5768525768700314E+002
 7.9000000000000004E+000  1.5126191704560028E+002
 7.9500000000000002E+000  1.3633838988470379E+002
 8.0000000000000000E+000  1.2294206567043372E+002
 8.0500000000000007E+000  1.1749199938484843E+002
 8.0999999999999996E+000  1.1694874280895166E+002
 8.1500000000000004E+000  1.1898956293592369E+002
 8.2000000000000011E+000  1.2138697269299506E+002
 8.2500000000000000E+000  1.1957004703262309E+002
 8.3000000000000007E+000  1.1268549033212862E+002
 8.3499999999999996E+000  1.0453931188096176E+002
 8.4000000000000004E+000  9.6632235299019911E+001
 8.4500000000000011E+000  9.1333805121590871E+001
 8.5000000000000000E+000  9.2440147234849533E+001
 8.5500000000000007E+000  9.9422429700888273E+001
 8.5999999999999996E+000  1.1040458471889335E+002
 8.6500000000000004E+000  1.2166790990912273E+002
 8.7000000000000011E+000  1.2723189800537205E+002
 8.7500000000000000E+000  1.2127162258083004E+002
 8.8000000000000007E+000  1.0835870419313530E+002
 8.8499999999999996E+000  9.4356470683814820E+001
 8.9000000000000004E+000  8.2712632559035725E+001
 8.9500000000000011E+000  7.4832757102892657E+001
 9.0000000000000000E+000  6.9463854908482261E+001
 9.0500000000000007E+000  6.6070172632373101E+001
 9.0999999999999996E+000  6.5014204945131169E+001
 9.1500000000000004E+000  6.5979752605722325E+001
 9.2000000000000011E+000  6.7264966285554223E+001
 9.2500000000000000E+000  6.9804196594794405E+001
 9.3000000000000007E+000  7.3767946956026265E+001
 9.3499999999999996E+000  7.7983713437871870E+001
 9.4000000000000004E+000  8.1126576857820282E+001
 9.4500000000000011E+000  8.5576096252318408E+001
 9.5000000000000000E+000  9.1415835622569475E+001
 9.5500000000000007E+000  9.7369418043070169E+001
 9.6000000000000014E+000  1.0160270232730122E+002
 9.6500000000000004E+000  1.0478470551844967E+002
 9.7000000000000011E+000  1.0701856446229111E+002
 9.7500000000000000E+000  1.0726617133497794E+002
 9.8000000000000007E+000  1.0230289558685024E+002
 9.8500000000000014E+000  9.2671058777185550E+001
 9.9000000000000004E+000  8.1592776804436568E+001
 9.9500000000000011E+000  7.3391759398360421E+001
 1.0000000000000000E+001  6.8769965390425199E+001
 1.0050000000000001E+001  6.6741361157142777E+001
 1.0100000000000001E+001  6.6446331973091461E+001
 1.0150000000000000E+001  6.7979920012235141E+001
 1.0200000000000001E+001  7.0722643140956350E+001
 1.0250000000000000E+001  7.1137345252335919E+001
 1.0300000000000001E+001  7.0105620560703329E+001
 1.0350000000000001E+001  6.7375447744310080E+001
 1.0400000000000000E+001  6.4055752783553032E+001
 1.0450000000000001E+001  6.1332815105156968E+001
 1.0500000000000000E+001  5.9579388149313630E+001
 1.0550000000000001E+001  5.9991671139468117E+001
 1.0600000000000001E+001  6.2428051190844307E+001
 1.0650000000000000E+001  6.6682712611647801E+001
 1.0700000000000001E+001  7.2131568484957867E+001
 1.0750000000000000E+001  7.6267166665574933E+001
 1.0800000000000001E+001  7.9468887687590325E+001
 1.0850000000000001E+001  8.2929176312574953E+001
 1.0900000000000000E+001  8.4914598955206387E+001
 1.0950000000000001E+001  8.4867461696664023E+001
 1.1000000000000000E+001  8.3970640949615230E+001
 1.1050000000000001E+001  8.3418061989426732E+001
 1.1100000000000001E+001  8.4796214383303791E+001
 1.1150000000000000E+001  8.8596574821956438E+001
 1.1200000000000001E+001  9.1622126646815175E+001
 1.1250000000000000E+001  9.1918606829437948E+001
 1.1300000000000001E+001  8.8876290302198484E+001
 1.1350000000000001E+001  8.3869502021691062E+001
 1.1400000000000000E+001  7.8998896826844117E+001
 1.1450000000000001E+001  7.7188978343123949E+001
 1.1500000000000000E+001  7.6704689362377522E+001
 1.1550000000000001E+001  7.8797425085352657E+001
 1.1600000000000001E+001  8.0671569080016496E+001
 1.1650000000000000E+001  8.1491328069720623E+001
 1.1700000000000001E+001  8.1932503495601154E+001
 1.1750000000000000E+001  8.2233266491159171E+001
 1.1800000000000001E+001  8.3392165454889664E+001
 1.1850000000000001E+001  8.3381092167622228E+001
 1.1900000000000000E+001  8.2484386583188680E+001
 1.1950000000000001E+001  8.2940532458800661E+001
 1.2000000000000000E+001  8.4800615997179591E+001
 1.2050000000000001E+001  8.9414770800807233E+001
 1.2100000000000001E+001  9.4358749911672163E+001
 1.2150000000000000E+001  9.7998241158380452E+001
 1.2200000000000001E+001  9.9484789384337688E+001
 1.2250000000000000E+001  9.8093593480258605E+001
 1.2300000000000001E+001  9.3754687519680985E+001
 1.2350000000000001E+001  8.8280666064499371E+001
 1.2400000000000000E+001  8.3837762498656915E+001
 1.2450000000000001E+001  8.1908682903567566E+001
 1.2500000000000000E+001  8.0813014239401724E+001
 1.2550000000000001E+001  8.0092365983592572E+001
 1.2600000000000001E+001  7.8990856057997021E+001
 1.2650000000000000E+001  7.7996697444862320E+001
 1.2700000000000001E+001  7.7178067937739286E+001
 1.2750000000000000E+001  7.6816369778674243E+001
 1.2800000000000001E+001  7.4641681242621701E+001
 1.2850000000000001E+001  7.2481112048685020E+001
 1.2900000000000000E+001  7.0461415927077311E+001
 1.2950000000000001E+001  6.8381124401447877E+001
 1.3000000000000000E+001  6.6421608755458237E+001
 1.3050000000000001E+001  6.5079531852898100E+001
 1.3100000000000001E+001  6.4660576613328843E+001
 1.3150000000000000E+001  6.5243938339000380E+001
 1.3200000000000001E+001  6.6260354610912103E+001
 1.3250000000000000E+001  6.9380425083034268E+001
 1.3300000000000001E+001  7.5017056162740616E+001
 1.3350000000000001E+001  8.0902035563970855E+001
 1.3400000000000000E+001  8.6785003514720145E+001
 1.3450000000000001E+001  9.2312769885477962E+001
 1.3500000000000000E+001  9.5900366401766846E+001
 1.3550000000000001E+001  9.6977792459013358E+001
 1.3600000000000001E+001  9.4973105731660837E+001
 1.3650000000000000E+001  9.1383564152253683E+001
 1.3700000000000001E+001  8.5633494482785252E+001
 1.3750000000000000E+001  7.9911380468214674E+001
 1.3800000000000001E+001  7.5634474262648993E+001
 1.3850000000000001E+001  7.3529555613138953E+001
 1.3900000000000000E+001  7.2834322608267257E+001
 1.3950000000000001E+001  7.3110306315642589E+001
 1.4000000000000000E+001  7.3273937711026704E+001
 1.4050000000000001E+001  7.3211344574762421E+001
 1.4100000000000001E+001  7.3009477450016576E+001
 1.4150000000000000E+001  7.1714497611390897E+001
 1.4200000000000001E+001  6.9255289491999136E+001
 1.4250000000000000E+001  6.6495237637061592E+001
 1.4300000000000001E+001  6.4778613816968232E+001
 1.4350000000000001E+001  6.3874581004543799E+001
 1.4400000000000000E+001  6.2978502214719313E+001
 1.4450000000000001E+001  6.2164116802422967E+001
 1.4500000000000000E+001  6.1070054917578823E+001
 1.4550000000000001E+001  5.9648434520526870E+001
 1.4600000000000001E+001  5.7973897542868819E+001
 1.4650000000000000E+001  5.7008568057547173E+001
 1.4700000000000001E+001  5.6717102792403651E+001
 1.4750000000000000E+001  5.7035386262599118E+001
 1.4800000000000001E+001  5.8087831883624212E+001
 1.4850000000000001E+001  5.9467473199130851E+001
 1.4900000000000000E+001  6.0853260168059272E+001
 1.4950000000000001E+001  6.1195896275444760E+001
 1.5000000000000000E+001  6.1053822339770022E+001
 1.5050000000000001E+001  5.9821941340373783E+001
 1.5100000000000001E+001  5.8167084302513260E+001
 1.5150000000000000E+001  5.6806114990697694E+001
 1.5200000000000001E+001  5.6438540264883258E+001
 1.5250000000000000E+001  5.6786679476457252E+001
 1.5300000000000001E+001  5.7864567351924016E+001
 1.5350000000000001E+001  5.9588092970303741E+001
 1.5400000000000000E+001  6.1403242555835142E+001
 1.5450000000000001E+001  6.2963459893729059E+001
 1.5500000000000000E+001  6.3915411757266092E+001
 1.5550000000000001E+001  6.4275360558563406E+001
 1.5600000000000001E+001  6.5225252029580730E+001
 1.5650000000000000E+001  6.6203817893028429E+001
 1.5700000000000001E+001  6.7371035629406023E+001
 1.5750000000000000E+001  6.7017533887683584E+001
 1.5800000000000001E+001  6.5221868134876615E+001
 1.5850000000000001E+001  6.3625459863436902E+001
 1.5900000000000000E+001  6.2626384321735898E+001
 1.5950000000000001E+001  6.2649311424857792E+001
 1.6000000000000000E+001  6.2932773796930803E+001
 1.6050000000000001E+001  6.3287482185408543E+001
 1.6100000000000001E+001  6.3799224636110850E+001
 1.6150000000000002E+001  6.4618602855586985E+001
 1.6199999999999999E+001  6.6969424130876803E+001
 1.6250000000000000E+001  6.9049324719825947E+001
 1.6300000000000001E+001  7.1725192167556926E+001
 1.6350000000000001E+001  7.3239248395906912E+001
 1.6400000000000002E+001  7.3517624801758984E+001
 1.6449999999999999E+001  7.2178963787676452E+001
 1.6500000000000000E+001  7.0187740630408527E+001
 1.6550000000000001E+001  6.7768305487028300E+001
 1.6600000000000001E+001  6.4788196431867661E+001
 1.6650000000000002E+001  6.2554113450137741E+001
 1.6699999999999999E+001  6.1400766603513034E+001
 1.6750000000000000E+001  6.1002931340367034E+001
 1.6800000000000001E+001  6.0580953359891041E+001
 1.6850000000000001E+001  6.0391709100909516E+001
 1.6900000000000002E+001  5.9620291122577122E+001
 1.6949999999999999E+001  5.9184504789423229E+001
 1.7000000000000000E+001  5.8895905322013334E+001
 1.7050000000000001E+001  5.9732353342103217E+001
 1.7100000000000001E+001  6.0872877282486307E+001
 1.7150000000000002E+001  6.2319849620100847E+001
 1.7199999999999999E+001  6.3748731417093268E+001
 1.7250000000000000E+001  6.5032907600136042E+001
 1.7300000000000001E+001  6.5745023890356947E+001
 1.7350000000000001E+001  6.6267704574075196E+001
 1.7400000000000002E+001  6.6903599581370003E+001
 1.7449999999999999E+001  6.7897798328897792E+001
 1.7500000000000000E+001  6.8410649505318872E+001
 1.7550000000000001E+001  6.8441787591414354E+001
 1.7600000000000001E+001  6.8116064083014237E+001
 1.7650000000000002E+001  6.7758781441224770E+001
 1.7699999999999999E+001  6.6432970696686994E+001
 1.7750000000000000E+001  6.5590529193659776E+001
 1.7800000000000001E+001  6.4190182438823754E+001
 1.7850000000000001E+001  6.3407697551191482E+001
 1.7900000000000002E+001  6.2582692984072835E+001
 1.7949999999999999E+001  6.2236755855865070E+001
 1.8000000000000000E+001  6.1916840534254860E+001
 1.8050000000000001E+001  6.2475743797837382E+001
 1.8100000000000001E+001  6.3331704221467099E+001
 1.8150000000000002E+001  6.4450335425139556E+001
 1.8199999999999999E+001  6.5864560876898423E+001
 1.8250000000000000E+001  6.6649700681911185E+001
 1.8300000000000001E+001  6.6914156039393646E+001
 1.8350000000000001E+001  6.6312965725425414E+001
 1.8400000000000002E+001  6.6085335443462426E+001
 1.8449999999999999E+001  6.5548711379808026E+001
 1.8500000000000000E+001  6.5096987092537532E+001
 1.8550000000000001E+001  6.4838824578213917E+001
 1.8600000000000001E+001  6.4607993535211847E+001
 1.8650000000000002E+001  6.5190316927012987E+001
 1.8699999999999999E+001  6.6422860426261948E+001
 1.8750000000000000E+001  6.8415312071503266E+001
 1.8800000000000001E+001  7.1216274138586556E+001
 1.8850000000000001E+001  7.3904517472824935E+001
 1.8900000000000002E+001  7.6208246436472237E+001
 1.8949999999999999E+001  7.7397482930475107E+001
 1.9000000000000000E+001  7.8174580011543384E+001
 1.9050000000000001E+001  7.7516589025316051E+001
 1.9100000000000001E+001  7.6538272961735089E+001
 1.9150000000000002E+001  7.5720357476166299E+001
 1.9200000000000003E+001  7.4910905656649604E+001
 1.9250000000000000E+001  7.4129026829028518E+001
 1.9300000000000001E+001  7.3849958437092383E+001
 1.9350000000000001E+001  7.3326394506089557E+001
 1.9400000000000002E+001  7.2552094096082712E+001
 1.9450000000000003E+001  7.2443640937757920E+001
 1.9500000000000000E+001  7.2428171582290361E+001
 1.9550000000000001E+001  7.1657597369620035E+001
 1.9600000000000001E+001  7.0728637290949322E+001
 1.9650000000000002E+001  6.9373765454963490E+001
 1.9700000000000003E+001  6.7515389269676930E+001
 1.9750000000000000E+001  6.5783257311663036E+001
 1.9800000000000001E+001  6.4236958366585213E+001
 1.9850000000000001E+001  6.2676155128291249E+001
 1.9900000000000002E+001  6.1893990283144873E+001
 1.9950000000000003E+001  6.2084603630501149E+001
 2.0000000000000000E+001  6.3054389207172989E+001
 2.0050000000000001E+001  6.4258163681692778E+001
 2.0100000000000001E+001  6.5864688937633332E+001
 2.0150000000000002E+001  6.6099014439262803E+001
 2.0200000000000003E+001  6.6329419328994433E+001
 2.0250000000000000E+001  6.6040125387991552E+001
 2.0300000000000001E+001  6.5651800321370914E+001
 2.0350000000000001E+001  6.5275984715967795E+001
 2.0400000000000002E+001  6.5246271321080556E+001
 2.0450000000000003E+001  6.4955303466386752E+001
 2.0500000000000000E+001  6.4459907094778799E+001
 2.0550000000000001E+001  6.3885631736517155E+001
 2.0600000000000001E+001  6.3389863972340976E+001
 2.0650000000000002E+001  6.2880313829828488E+001
 2.0700000000000003E+001  6.2728882759365106E+001
 2.0750000000000000E+001  6.2507428882961285E+001
 2.0800000000000001E+001  6.2785152635996177E+001
 2.0850000000000001E+001  6.2889552003418821E+001
 2.0900000000000002E+001  6.2972787206212757E+001
 2.0950000000000003E+001  6.3485487182634465E+001
 2.1000000000000000E+001  6.4467645230614124E+001
 2.1050000000000001E+001  6.5118171202708879E+001
 2.1100000000000001E+001  6.6065494403524795E+001
 2.1150000000000002E+001  6.7776991868056271E+001
 2.1200000000000003E+001  7.0330956353440513E+001
 2.1250000000000000E+001  7.3325863521781173E+001
 2.1300000000000001E+001  7.5868914132264550E+001
 2.1350000000000001E+001  7.7822581917731625E+001
 2.1400000000000002E+001  7.8412499978402408E+001
 2.1450000000000003E+001  7.8628195623157922E+001
 2.1500000000000000E+001  7.8557041027411373E+001
 2.1550000000000001E+001  7.7907111893844359E+001
 2.1600000000000001E+001  7.6492802512431567E+001
 2.1650000000000002E+001  7.5611977318136923E+001
 2.1700000000000003E+001  7.5497673519239484E+001
 2.1750000000000000E+001  7.4516141980529994E+001
 2.1800000000000001E+001  7.4086475896306965E+001
 2.1850000000000001E+001  7.4243887951753308E+001
 2.1900000000000002E+001  7.4251285076038599E+001
 2.1950000000000003E+001  7.3538432588163559E+001
 2.2000000000000000E+001  7.2953639761601224E+001
 2.2050000000000001E+001  7.2405302592940174E+001
 2.2100000000000001E+001  7.2956765315473220E+001
 2.2150000000000002E+001  7.2959781422980740E+001
 2.2200000000000003E+001  7.3231077874845354E+001
 2.2250000000000000E+001  7.2582946039821024E+001
 2.2300000000000001E+001  7.1309523630204353E+001
 2.2350000000000001E+001  6.9996176036656252E+001
 2.2400000000000002E+001  6.8241621493827637E+001
 2.2450000000000003E+001  6.6524226604708915E+001
 2.2500000000000000E+001  6.5198826176855206E+001
 2.2550000000000001E+001  6.4541070096910886E+001
 2.2600000000000001E+001  6.4152422864760126E+001
 2.2650000000000002E+001  6.3772840500007568E+001
 2.2700000000000003E+001  6.2843689003051630E+001
 2.2750000000000000E+001  6.1857626909369756E+001
 2.2800000000000001E+001  6.1388123965192264E+001
 2.2850000000000001E+001  6.1231874909184356E+001
 2.2900000000000002E+001  6.0519865333587425E+001
 2.2950000000000003E+001  6.0925791760292192E+001
 2.3000000000000000E+001  6.1747990135894320E+001
 2.3050000000000001E+001  6.2032031802911398E+001
 2.3100000000000001E+001  6.2677367864951876E+001
 2.3150000000000002E+001  6.3332236318383742E+001
 2.3200000000000003E+001  6.3758689477450062E+001
 2.3250000000000000E+001  6.4441457668691797E+001
 2.3300000000000001E+001  6.4442368021354767E+001
 2.3350000000000001E+001  6.3905721845299915E+001
 2.3400000000000002E+001  6.3170626945240208E+001
 2.3450000000000003E+001  6.2091680698289160E+001
 2.3500000000000000E+001  6.1300310441721798E+001
 2.3550000000000001E+001  6.0489827234118579E+001
 2.3600000000000001E+001  5.9670731271325444E+001
 2.3650000000000002E+001  5.8622880586036985E+001
 2.3700000000000003E+001  5.8059570149633146E+001
 2.3750000000000000E+001  5.7467961277080676E+001
 2.3800000000000001E+001  5.6775945209523037E+001
 2.3850000000000001E+001  5.6358899899649096E+001
 2.3900000000000002E+001  5.6358802150171542E+001
 2.3950000000000003E+001  5.6227839598771766E+001
 2.4000000000000000E+001  5.6230741604377563E+001
 2.4050000000000001E+001  5.6426006412442149E+001
 2.4100000000000001E+001  5.6649288510224437E+001
 2.4150000000000002E+001  5.6554293078822795E+001
 2.4200000000000003E+001  5.6678943095225449E+001
 2.4250000000000000E+001  5.6814596874046892E+001
 2.4300000000000001E+001  5.7019141677817217E+001
 2.4350000000000001E+001  5.7201414134625423E+001
 2.4400000000000002E+001  5.7315167639909468E+001
 2.4450000000000003E+001  5.7037707809838473E+001
 2.4500000000000000E+001  5.6597751455520424E+001
 2.4550000000000001E+001  5.5842752126884790E+001
 2.4600000000000001E+001  5.4971592209308774E+001
 2.4650000000000002E+001  5.3715317503616021E+001
 2.4700000000000003E+001  5.2868900505436940E+001
 2.4750000000000000E+001  5.2723279141414558E+001
 2.4800000000000001E+001  5.2486491850119080E+001
 2.4850000000000001E+001  5.1990170468226900E+001
 2.4900000000000002E+001  5.1985956438370010E+001
 2.4950000000000003E+001  5.2573985748375939E+001
 2.5000000000000000E+001  5.3199293840664495E+001
 2.5050000000000001E+001  5.3234018696832450E+001
 2.5100000000000001E+001  5.2894406515458890E+001
 2.5150000000000002E+001  5.2397052049316869E+001
 2.5200000000000003E+001  5.1593159026457407E+001
 2.5250000000000000E+001  5.1333155494054935E+001
 2.5300000000000001E+001  5.0843876588723560E+001
 2.5350000000000001E+001  4.9723859758391001E+001
 2.5400000000000002E+001  4.9488469466682538E+001
 2.5450000000000003E+001  4.8852192626200974E+001
 2.5500000000000000E+001  4.8214725423738486E+001
 2.5550000000000001E+001  4.8458262581190574E+001
 2.5600000000000001E+001  4.8536971660658580E+001
 2.5650000000000002E+001  4.8391435377384497E+001
 2.5700000000000003E+001  4.8790133562721756E+001
 2.5750000000000000E+001  4.9495455629736668E+001
 2.5800000000000001E+001  4.9283203844143856E+001
 2.5850000000000001E+001  4.8736999061788040E+001
 2.5900000000000002E+001  4.8659343499080144E+001
 2.5950000000000003E+001  4.8785012294710739E+001
 2.6000000000000000E+001  4.8444049724423508E+001
 2.6050000000000001E+001  4.8293937215839016E+001
 2.6100000000000001E+001  4.7753545256097617E+001
 2.6150000000000002E+001  4.7450558854250104E+001
 2.6200000000000003E+001  4.6999456672290435E+001
 2.6250000000000000E+001  4.6794205585613661E+001
 2.6300000000000001E+001  4.6473861896729389E+001
 2.6350000000000001E+001  4.6550667142651641E+001
 2.6400000000000002E+001  4.6430294779675428E+001
 2.6450000000000003E+001  4.5964930538815864E+001
 2.6500000000000000E+001  4.5752748889400301E+001
 2.6550000000000001E+001  4.5627007254708587E+001
 2.6600000000000001E+001  4.5347196364044798E+001
 2.6650000000000002E+001  4.5007057439459174E+001
 2.6700000000000003E+001  4.5451953324910825E+001
 2.6750000000000000E+001  4.5530139340890415E+001
 2.6800000000000001E+001  4.6082567085123294E+001
 2.6850000000000001E+001  4.6314084722371021E+001
 2.6900000000000002E+001  4.6318735369769954E+001
 2.6950000000000003E+001  4.6284042339238688E+001
 2.7000000000000000E+001  4.6609381445167045E+001
 2.7050000000000001E+001  4.6520848820095217E+001
 2.7100000000000001E+001  4.6149856267984973E+001
 2.7150000000000002E+001  4.5422789714486768E+001
 2.7200000000000003E+001  4.5034052508130507E+001
 2.7250000000000000E+001  4.4660263688714409E+001
 2.7300000000000001E+001  4.4581385837098345E+001
 2.7350000000000001E+001  4.4205368204574782E+001
 2.7400000000000002E+001  4.4024146944481323E+001
 2.7450000000000003E+001  4.3689267587772299E+001
 2.7500000000000000E+001  4.3180039950768339E+001
 2.7550000000000001E+001  4.3116541242533494E+001
 2.7600000000000001E+001  4.2804738751142686E+001
 2.7650000000000002E+001  4.2471834150814658E+001
 2.7700000000000003E+001  4.2320751904936564E+001
 2.7750000000000000E+001  4.2234614151869579E+001
 2.7800000000000001E+001  4.1876944375972293E+001
 2.7850000000000001E+001  4.1194577817750528E+001
 2.7900000000000002E+001  4.1532854851985796E+001
 2.7950000000000003E+001  4.1686655095778349E+001
 2.8000000000000000E+001  4.1463760289883474E+001
 2.8050000000000001E+001  4.0995937351543297E+001
 2.8100000000000001E+001  4.0877547473574516E+001
 2.8150000000000002E+001  4.1033687874913888E+001
 2.8200000000000003E+001  4.0887201929138620E+001
 2.8250000000000000E+001  4.0743972358596984E+001
 2.8300000000000001E+001  4.0707905129926452E+001
 2.8350000000000001E+001  4.0581789485153173E+001
 2.8400000000000002E+001  4.0335315966300456E+001
 2.8450000000000003E+001  3.9852828373161692E+001
 2.8500000000000000E+001  3.9924337303425865E+001
 2.8550000000000001E+001  4.0345842238358266E+001
 2.8600000000000001E+001  4.0366319247365844E+001
 2.8650000000000002E+001  4.0404509955955568E+001
 2.8700000000000003E+001  4.0118784157704440E+001
 2.8750000000000000E+001  3.9646760991805792E+001
 2.8800000000000001E+001  3.9367969204226192E+001
 2.8850000000000001E+001  3.9616712998121038E+001
 2.8900000000000002E+001  3.9636566861154151E+001
 2.8950000000000003E+001  3.9720800857491724E+001
 2.9000000000000000E+001  3.9796637183413750E+001
 2.9050000000000001E+001  4.0021808581504516E+001
 2.9100000000000001E+001  4.0157880676327153E+001
 2.9150000000000002E+001  4.0022999730256181E+001
 2.9200000000000003E+001  3.9903594901929587E+001
 2.9250000000000000E+001  4.0177974405691828E+001
 2.9300000000000001E+001  3.9878866303537890E+001
 2.9350000000000001E+001  3.9764262854110626E+001
 2.9400000000000002E+001  3.9511326291145281E+001
 2.9450000000000003E+001  3.9169564008666754E+001
 2.9500000000000000E+001  3.8937148416783195E+001
 2.9550000000000001E+001  3.8919686039211904E+001
 2.9600000000000001E+001  3.8900428301017193E+001
 2.9650000000000002E+001  3.8997167782436996E+001
 2.9700000000000003E+001  3.8716774515149254E+001
 2.9750000000000000E+001  3.8484213470924040E+001
 2.9800000000000001E+001  3.8419691338130775E+001
 2.9850000000000001E+001  3.8747540249116362E+001
 2.9900000000000002E+001  3.8807282390673734E+001
 2.9950000000000003E+001  3.8869201455820971E+001
 3.0000000000000000E+001  3.8729152611203588E+001
 3.0050000000000001E+001  3.8633601371183424E+001
 3.0100000000000001E+001  3.8957938882341281E+001
 3.0150000000000002E+001  3.9152851126537797E+001
 3.0200000000000003E+001  3.8487739527236954E+001
 3.0250000000000000E+001  3.8123791863563461E+001
 3.0300000000000001E+001  3.8385091742483390E+001
 3.0350000000000001E+001  3.8224370910388600E+001
 3.0400000000000002E+001  3.8095206389057218E+001
 3.0450000000000003E+001  3.8088234929386587E+001
 3.0500000000000000E+001  3.8594793929879238E+001
 3.0550000000000001E+001  3.8299071038452105E+001
 3.0600000000000001E+001  3.8110125913707158E+001
 3.0650000000000002E+001  3.8777134217831545E+001
 3.0700000000000003E+001  3.9674674331116847E+001
 3.0750000000000000E+001  3.9346499640338770E+001
 3.0800000000000001E+001  3.8857175320573845E+001
 3.0850000000000001E+001  3.8718885297384865E+001
 3.0900000000000002E+001  3.8909244650947123E+001
 3.0950000000000003E+001  3.8833938251378221E+001
 3.1000000000000000E+001  3.8604056443981861E+001
 3.1050000000000001E+001  3.8571589798097591E+001
 3.1100000000000001E+001  3.8631497610894606E+001
 3.1150000000000002E+001  3.8752018659346092E+001
 3.1200000000000003E+001  3.8732706531060956E+001
 3.1250000000000000E+001  3.8689039297907094E+001
 3.1300000000000001E+001  3.8967920681453421E+001
 3.1350000000000001E+001  3.9101689931082589E+001
 3.1400000000000002E+001  3.9134826448275213E+001
 3.1450000000000003E+001  3.9005718624831097E+001
 3.1500000000000000E+001  3.8901899072970487E+001
 3.1550000000000001E+001  3.9254960447398012E+001
 3.1600000000000001E+001  3.9765715325405367E+001
 3.1650000000000002E+001  3.9556212639423755E+001
 3.1700000000000003E+001  3.9483091716467541E+001
 3.1750000000000000E+001  3.9945847889768451E+001
 3.1800000000000001E+001  4.0035459177041986E+001
 3.1850000000000001E+001  3.9672497118580623E+001
 3.1900000000000002E+001  3.9431561472408895E+001
 3.1950000000000003E+001  3.9373994646071765E+001
 3.2000000000000000E+001  3.9704823068545217E+001
 3.2050000000000004E+001  3.9492623555770379E+001
 3.2100000000000001E+001  3.9902760486765494E+001
 3.2149999999999999E+001  3.9880312293263962E+001
 3.2200000000000003E+001  3.9646619455617063E+001
 3.2250000000000000E+001  3.9747813816732403E+001
 3.2300000000000004E+001  3.9640113664769423E+001
 3.2350000000000001E+001  4.0000874250477480E+001
 3.2399999999999999E+001  4.0536479169857301E+001
 3.2450000000000003E+001  4.1027953595088924E+001
 3.2500000000000000E+001  4.0749801555074349E+001
 3.2550000000000004E+001  4.0646190882592435E+001
 3.2600000000000001E+001  4.0655301267104939E+001
 3.2649999999999999E+001  4.0564661229508268E+001
 3.2700000000000003E+001  4.0480882003767690E+001
 3.2750000000000000E+001  4.0076903528962198E+001
 3.2800000000000004E+001  4.0021031051614600E+001
 3.2850000000000001E+001  4.0103814833986590E+001
 3.2899999999999999E+001  4.0627074566745321E+001
 3.2950000000000003E+001  4.0636953152589861E+001
 3.3000000000000000E+001  4.0621603574756151E+001
 3.3050000000000004E+001  4.0637514945305576E+001
 3.3100000000000001E+001  4.0850193272750275E+001
 3.3149999999999999E+001  4.0781399610334546E+001
 3.3200000000000003E+001  4.1094028559590178E+001
 3.3250000000000000E+001  4.0435715628445521E+001
 3.3300000000000004E+001  3.9793975947687009E+001
 3.3350000000000001E+001  3.9630169933913685E+001
 3.3399999999999999E+001  4.0060632099685598E+001
 3.3450000000000003E+001  3.9963258660842300E+001
 3.3500000000000000E+001  3.9592421740113473E+001
 3.3550000000000004E+001  3.9385436184909238E+001
 3.3600000000000001E+001  3.8907482196974357E+001
 3.3649999999999999E+001  3.8560451135877507E+001
 3.3700000000000003E+001  3.8165172749914696E+001
 3.3750000000000000E+001  3.8562234604779320E+001
 3.3800000000000004E+001  3.8897185179703122E+001
 3.3850000000000001E+001  3.8878551028997016E+001
 3.3899999999999999E+001  3.9006831238129209E+001
 3.3950000000000003E+001  3.9149577419445059E+001
 3.4000000000000000E+001  3.9331648848701036E+001
 3.4050000000000004E+001  3.9238748853880601E+001
 3.4100000000000001E+001  3.9133030483508662E+001
 3.4149999999999999E+001  3.9225000123479262E+001
 3.4200000000000003E+001  3.9557822104228720E+001
 3.4250000000000000E+001  3.9518669281399696E+001
 3.4300000000000004E+001  3.9489173236648796E+001
 3.4350000000000001E+001  3.9186293061049007E+001
 3.4399999999999999E+001  3.9010193663001729E+001
 3.4450000000000003E+001  3.8776570008244867E+001
 3.4500000000000000E+001  3.8410609732491771E+001
 3.4550000000000004E+001  3.8098596052753841E+001
 3.4600000000000001E+001  3.7772443174192468E+001
 3.4649999999999999E+001  3.7985351847987033E+001
 3.4700000000000003E+001  3.8165890196362170E+001
 3.4750000000000000E+001  3.8002453129664573E+001
 3.4800000000000004E+001  3.8500892451909479E+001
 3.4850000000000001E+001  3.8603766989058308E+001
 3.4899999999999999E+001  3.8659947852499194E+001
 3.4950000000000003E+001  3.8643856239269262E+001
 3.5000000000000000E+001  3.8817310231751833E+001
 3.5050000000000004E+001  3.8433354421237603E+001
 3.5100000000000001E+001  3.8445792826031813E+001
 3.5149999999999999E+001  3.8421702517392582E+001
 3.5200000000000003E+001  3.8327342440123317E+001
 3.5250000000000000E+001  3.8216471439528924E+001
 3.5300000000000004E+001  3.7899715676819120E+001
 3.5350000000000001E+001  3.7792760602170425E+001
 3.5399999999999999E+001  3.7754262834204297E+001
 3.5450000000000003E+001  3.7530535319866345E+001
 3.5500000000000000E+001  3.6915799424837907E+001
 3.5550000000000004E+001  3.6997878456262590E+001
 3.5600000000000001E+001  3.6893224864754423E+001
 3.5649999999999999E+001  3.6830647966750682E+001
 3.5700000000000003E+001  3.6665807914860935E+001
 3.5750000000000000E+001  3.6125669238165017E+001
 3.5800000000000004E+001  3.6344932970406148E+001
 3.5850000000000001E+001  3.6193493528980717E+001
 3.5899999999999999E+001  3.5897793953322562E+001
 3.5950000000000003E+001  3.6432235481765794E+001
 3.6000000000000000E+001  3.6130652092060188E+001
 3.6050000000000004E+001  3.5546188609138284E+001
 3.6100000000000001E+001  3.5515101818841153E+001
 3.6149999999999999E+001  3.6059304008217381E+001
 3.6200000000000003E+001  3.6234889906190304E+001
 3.6250000000000000E+001  3.5766045812648706E+001
 3.6300000000000004E+001  3.5469910180254644E+001
 3.6350000000000001E+001  3.4868208514680227E+001
 3.6399999999999999E+001  3.4975994098632938E+001
 3.6450000000000003E+001  3.5545915146098075E+001
 3.6500000000000000E+001  3.5571824118819812E+001
 3.6550000000000004E+001  3.5600753174117592E+001
 3.6600000000000001E+001  3.5440900012768616E+001
 3.6649999999999999E+001  3.5091897603935415E+001
 3.6700000000000003E+001  3.5163399556543588E+001
 3.6750000000000000E+001  3.5174103172113576E+001
 3.6800000000000004E+001  3.5572514141953015E+001
 3.6850000000000001E+001  3.5918615159944714E+001
 3.6899999999999999E+001  3.5681603153823033E+001
 3.6950000000000003E+001  3.6241445792516402E+001
 3.7000000000000000E+001  3.5646066061491837E+001
 3.7050000000000004E+001  3.5369786853205518E+001
 3.7100000000000001E+001  3.5665434801463462E+001
 3.7149999999999999E+001  3.5616820451639676E+001
 3.7200000000000003E+001  3.5073633048373409E+001
 3.7250000000000000E+001  3.4707086387924839E+001
 3.7300000000000004E+001  3.4810213286680565E+001
 3.7350000000000001E+001  3.4904946196675240E+001
 3.7399999999999999E+001  3.4442068737852580E+001
 3.7450000000000003E+001  3.4697918091724752E+001
 3.7500000000000000E+001  3.4477636930458672E+001
 3.7550000000000004E+001  3.4487054147011833E+001
 3.7600000000000001E+001  3.4355588894705768E+001
 3.7649999999999999E+001  3.4616377675633274E+001
 3.7700000000000003E+001  3.4939981418519970E+001
 3.7750000000000000E+001  3.4958135853417332E+001
 3.7800000000000004E+001  3.4625529319327200E+001
 3.7850000000000001E+001  3.5324333638071671E+001
 3.7899999999999999E+001  3.4410292963461544E+001
 3.7950000000000003E+001  3.3933144960249642E+001
 3.8000000000000000E+001  3.4487723685240510E+001
 3.8050000000000004E+001  3.5130972182372574E+001
 3.8100000000000001E+001  3.4497475243821050E+001
 3.8149999999999999E+001  3.4368923696452192E+001
 3.8200000000000003E+001  3.4874699967416852E+001
 3.8250000000000000E+001  3.3797619736366002E+001
 3.8300000000000004E+001  3.3759462804567271E+001
 3.8350000000000001E+001  3.3660347403012757E+001
 3.8400000000000006E+001  3.3499902242490279E+001
 3.8450000000000003E+001  3.3587168537015529E+001
 3.8500000000000000E+001  3.3884727105304023E+001
 3.8550000000000004E+001  3.4386534862535129E+001
 3.8600000000000001E+001  3.3483444565127868E+001
 3.8650000000000006E+001  3.2936574962132902E+001
 3.8700000000000003E+001  3.2912984777449424E+001
 3.8750000000000000E+001  3.2506339971476720E+001
 3.8800000000000004E+001  3.2820301972747231E+001
 3.8850000000000001E+001  3.3352994461951937E+001
 3.8900000000000006E+001  3.3370834581147740E+001
 3.8950000000000003E+001  3.2534532584545644E+001
 3.9000000000000000E+001  3.2468066147644613E+001
 3.9050000000000004E+001  3.2665110011997292E+001
 3.9100000000000001E+001  3.2303986231445478E+001
 3.9150000000000006E+001  3.1465695460731141E+001
 3.9200000000000003E+001  3.1801998410429075E+001
 3.9250000000000000E+001  3.1120836284578900E+001
 3.9300000000000004E+001  3.1768842808872346E+001
 3.9350000000000001E+001  3.2324315819942221E+001
 3.9400000000000006E+001  3.1948053140503283E+001
 3.9450000000000003E+001  3.2285492078882704E+001
 3.9500000000000000E+001  3.1926916459753354E+001
 3.9550000000000004E+001  3.1518423646442152E+001
 3.9600000000000001E+001  3.1129302207752612E+001
 3.9650000000000006E+001  3.0797203275495349E+001
 3.9700000000000003E+001  3.1353462382780485E+001
 3.9750000000000000E+001  3.1294315132829123E+001
 3.9800000000000004E+001  3.1914026779374261E+001
 3.9850000000000001E+001  3.3002361425613685E+001
 3.9900000000000006E+001  3.1774707944933407E+001
 3.9950000000000003E+001  3.1199155409929187E+001
 4.0000000000000000E+001  3.2084285187342012E+001
 4.0050000000000004E+001  3.1898001482710033E+001
 4.0100000000000001E+001  3.2982883437842602E+001
 4.0150000000000006E+001  3.2391395790175785E+001
 4.0200000000000003E+001  3.0330408404252591E+001
 4.0250000000000000E+001  3.0201063381150295E+001
 4.0300000000000004E+001  2.9605377888073932E+001
 4.0350000000000001E+001  3.0532571398368976E+001
 4.0400000000000006E+001  3.0101368597056400E+001
 4.0450000000000003E+001  2.9508682602621420E+001
 4.0500000000000000E+001  3.1184749398885554E+001
 4.0550000000000004E+001  2.9952512448228049E+001
 4.0600000000000001E+001  2.9826596037822757E+001
 4.0650000000000006E+001  2.9913666410721447E+001
 4.0700000000000003E+001  3.0613859392706921E+001
 4.0750000000000000E+001  2.9879482035152268E+001
 4.0800000000000004E+001  3.0856609428656085E+001
 4.0850000000000001E+001  3.2221038229539872E+001
 4.0900000000000006E+001  3.2107416158517168E+001
 4.0950000000000003E+001  3.1434028005588285E+001
 4.1000000000000000E+001  3.1318023683109654E+001
 4.1050000000000004E+001  3.0837188682432796E+001
 4.1100000000000001E+001  3.0325497014190375E+001
 4.1150000000000006E+001  3.0338002625869098E+001
 4.1200000000000003E+001  3.3054810547053236E+001
 4.1250000000000000E+001  4.3891099875384128E+001
