 2.4000000000000004E+000  1.0213672253723576E+001
 2.4500000000000002E+000  1.0496405691351084E+001
 2.5000000000000000E+000  1.1395951423588945E+001
 2.5500000000000003E+000  1.3981431887727718E+001
 2.6000000000000001E+000  1.5894452154074887E+001
 2.6500000000000004E+000  1.8428657677793186E+001
 2.7000000000000002E+000  2.3904996946751723E+001
 2.7500000000000000E+000  4.3643768324201105E+001
 2.8000000000000003E+000  1.0724555958326447E+002
 2.8500000000000001E+000  2.3313154008911792E+002
 2.9000000000000004E+000  3.5623913230683547E+002
 2.9500000000000002E+000  5.0137518464629244E+002
 3.0000000000000000E+000  6.5341770678867567E+002
 3.0500000000000003E+000  7.3562199328578072E+002
 3.1000000000000001E+000  7.0926420592249087E+002
 3.1500000000000004E+000  5.6769622768697855E+002
 3.2000000000000002E+000  3.8873119804110758E+002
 3.2500000000000000E+000  2.6695741420137824E+002
 3.3000000000000003E+000  2.0823437578191113E+002
 3.3500000000000001E+000  1.8878381125547858E+002
 3.4000000000000004E+000  1.9187569503592081E+002
 3.4500000000000002E+000  2.1870880929336147E+002
 3.5000000000000000E+000  2.7263071979458334E+002
 3.5500000000000003E+000  3.2097006083964919E+002
 3.6000000000000001E+000  3.1378144763510716E+002
 3.6500000000000004E+000  2.5837624616976075E+002
 3.7000000000000002E+000  2.0865575944405626E+002
 3.7500000000000000E+000  1.8429335928463468E+002
 3.8000000000000003E+000  1.8716685510767147E+002
 3.8500000000000001E+000  2.0191640244071144E+002
 3.9000000000000004E+000  2.2355078456931284E+002
 3.9500000000000002E+000  2.1400772349390704E+002
 4.0000000000000000E+000  1.7582793600698326E+002
 4.0499999999999998E+000  1.3434169546135576E+002
 4.1000000000000005E+000  9.9472084210299357E+001
 4.1500000000000004E+000  7.4002771851891723E+001
 4.2000000000000002E+000  5.7619414720788029E+001
 4.2500000000000000E+000  4.5993566345767150E+001
 4.2999999999999998E+000  3.8366571716811094E+001
 4.3500000000000005E+000  3.3926166514740494E+001
 4.4000000000000004E+000  3.1649646271201398E+001
 4.4500000000000002E+000  3.1439811451195727E+001
 4.5000000000000000E+000  3.2473804741426882E+001
 4.5499999999999998E+000  3.4519293908880414E+001
 4.6000000000000005E+000  3.7953516720325801E+001
 4.6500000000000004E+000  4.1115955734911715E+001
 4.7000000000000002E+000  4.3418434299634370E+001
 4.7500000000000000E+000  4.6775146999451216E+001
 4.8000000000000007E+000  5.1829538552623802E+001
 4.8500000000000005E+000  5.5642942739318364E+001
 4.9000000000000004E+000  5.5202806145318881E+001
 4.9500000000000002E+000  5.1806307014953219E+001
 5.0000000000000000E+000  4.7922716082226131E+001
 5.0500000000000007E+000  4.7666723058840539E+001
 5.1000000000000005E+000  5.1966268217004782E+001
 5.1500000000000004E+000  6.1224133022469594E+001
 5.2000000000000002E+000  7.4746939668626055E+001
 5.2500000000000000E+000  9.0126059293985151E+001
 5.3000000000000007E+000  1.0545648514297078E+002
 5.3500000000000005E+000  1.1345524252404870E+002
 5.4000000000000004E+000  1.1339449741766013E+002
 5.4500000000000002E+000  1.0640542304483026E+002
 5.5000000000000000E+000  9.5391242883042466E+001
 5.5500000000000007E+000  8.5345035736458087E+001
 5.6000000000000005E+000  7.8416756477026610E+001
 5.6500000000000004E+000  7.6115394777692984E+001
 5.7000000000000002E+000  7.5621326190988171E+001
 5.7500000000000000E+000  7.7971448113025531E+001
 5.8000000000000007E+000  8.4888462102564802E+001
 5.8500000000000005E+000  9.8528681210581098E+001
 5.9000000000000004E+000  1.1792210522212872E+002
 5.9500000000000002E+000  1.3701948292412882E+002
 6.0000000000000000E+000  1.5289702319235991E+002
 6.0500000000000007E+000  1.6083453195925452E+002
 6.1000000000000005E+000  1.5643359341282246E+002
 6.1500000000000004E+000  1.4420203768873768E+002
 6.2000000000000002E+000  1.2606221702602794E+002
 6.2500000000000000E+000  1.0756344819208182E+002
 6.3000000000000007E+000  9.0964723682409968E+001
 6.3500000000000005E+000  8.0455859398030057E+001
 6.4000000000000004E+000  7.3551006797821543E+001
 6.4500000000000002E+000  7.0659615450479421E+001
 6.5000000000000000E+000  6.9284328983275756E+001
 6.5500000000000007E+000  6.7725015227184770E+001
 6.6000000000000005E+000  6.6231101662401116E+001
 6.6500000000000004E+000  6.5570457706193366E+001
 6.7000000000000002E+000  6.7681531820429569E+001
 6.7500000000000000E+000  7.2446855041272713E+001
 6.8000000000000007E+000  7.8397655643632945E+001
 6.8500000000000005E+000  8.4557404556245032E+001
 6.9000000000000004E+000  8.8494507768736739E+001
 6.9500000000000002E+000  8.7312899345166272E+001
 7.0000000000000000E+000  8.2022168557168072E+001
 7.0500000000000007E+000  7.6924675900254826E+001
 7.1000000000000005E+000  7.3794747569509951E+001
 7.1500000000000004E+000  7.1939646576453427E+001
 7.2000000000000002E+000  7.1514295401452912E+001
 7.2500000000000000E+000  7.0083766366846618E+001
 7.3000000000000007E+000  6.8886414915747437E+001
 7.3500000000000005E+000  6.7720766977993819E+001
 7.4000000000000004E+000  6.7665654677710052E+001
 7.4500000000000002E+000  6.8431355670409658E+001
 7.5000000000000000E+000  7.1988062829489223E+001
 7.5500000000000007E+000  7.6826744320318511E+001
 7.6000000000000005E+000  8.3242414362841117E+001
 7.6500000000000004E+000  9.2978680801986371E+001
 7.7000000000000002E+000  1.0356062156652131E+002
 7.7500000000000000E+000  1.1495012090034631E+002
 7.8000000000000007E+000  1.2662324610527125E+002
 7.8500000000000005E+000  1.3485576497077534E+002
 7.9000000000000004E+000  1.3964503803627755E+002
 7.9500000000000002E+000  1.4344686919606011E+002
 8.0000000000000000E+000  1.4709116794202322E+002
 8.0500000000000007E+000  1.5277410297154751E+002
 8.0999999999999996E+000  1.5721600417448741E+002
 8.1500000000000004E+000  1.5849487129431316E+002
 8.2000000000000011E+000  1.5737696999358869E+002
 8.2500000000000000E+000  1.5334858194865049E+002
 8.3000000000000007E+000  1.4807874759633179E+002
 8.3499999999999996E+000  1.4302886188597770E+002
 8.4000000000000004E+000  1.3795702552470584E+002
 8.4500000000000011E+000  1.3511807974899881E+002
 8.5000000000000000E+000  1.3483362717538509E+002
 8.5500000000000007E+000  1.3525859256795638E+002
 8.5999999999999996E+000  1.3519707560037006E+002
 8.6500000000000004E+000  1.3345715112387228E+002
 8.7000000000000011E+000  1.2959044263074685E+002
 8.7500000000000000E+000  1.2368514626518458E+002
 8.8000000000000007E+000  1.1619499661208404E+002
 8.8499999999999996E+000  1.1013959465661283E+002
 8.9000000000000004E+000  1.0778559526974098E+002
 8.9500000000000011E+000  1.0715252702322539E+002
 9.0000000000000000E+000  1.0656374512245627E+002
 9.0500000000000007E+000  1.0578503810641757E+002
 9.0999999999999996E+000  1.0279524829234838E+002
 9.1500000000000004E+000  9.7187380912164713E+001
 9.2000000000000011E+000  9.0221565262380906E+001
 9.2500000000000000E+000  8.4781741015530869E+001
 9.3000000000000007E+000  8.0062206489424696E+001
 9.3499999999999996E+000  7.6862360944308378E+001
 9.4000000000000004E+000  7.4683910922912830E+001
 9.4500000000000011E+000  7.3226575395672597E+001
 9.5000000000000000E+000  7.1411711526452223E+001
 9.5500000000000007E+000  6.9389463163807761E+001
 9.6000000000000014E+000  6.8224170626592112E+001
 9.6500000000000004E+000  6.7077667335694727E+001
 9.7000000000000011E+000  6.6838047844769818E+001
 9.7500000000000000E+000  6.6251699379784611E+001
 9.8000000000000007E+000  6.4510956117247403E+001
 9.8500000000000014E+000  6.3127852571384835E+001
 9.9000000000000004E+000  6.1528170562822410E+001
 9.9500000000000011E+000  6.0344189055474914E+001
 1.0000000000000000E+001  5.9882484080256788E+001
 1.0050000000000001E+001  5.9273048410270221E+001
 1.0100000000000001E+001  5.9420106436621353E+001
 1.0150000000000000E+001  5.9847043196771502E+001
 1.0200000000000001E+001  6.0305629302914006E+001
 1.0250000000000000E+001  6.1000194805542783E+001
 1.0300000000000001E+001  6.2292235372902319E+001
 1.0350000000000001E+001  6.3755884517518844E+001
 1.0400000000000000E+001  6.4878502316694409E+001
 1.0450000000000001E+001  6.6247532150083956E+001
 1.0500000000000000E+001  6.7127548366147238E+001
 1.0550000000000001E+001  6.7500183776844906E+001
 1.0600000000000001E+001  6.8816618566560479E+001
 1.0650000000000000E+001  7.0819152382368046E+001
 1.0700000000000001E+001  7.4747287489864306E+001
 1.0750000000000000E+001  7.9159263247338643E+001
 1.0800000000000001E+001  8.4485305144202513E+001
 1.0850000000000001E+001  8.9174155767167150E+001
 1.0900000000000000E+001  9.3777648714664437E+001
 1.0950000000000001E+001  9.6964594870915548E+001
 1.1000000000000000E+001  9.7686541643097513E+001
 1.1050000000000001E+001  9.4245607149537221E+001
 1.1100000000000001E+001  8.8973223477430793E+001
 1.1150000000000000E+001  8.4014376761049419E+001
 1.1200000000000001E+001  8.1579895871922602E+001
 1.1250000000000000E+001  8.1696092203067849E+001
 1.1300000000000001E+001  8.2767995631657740E+001
 1.1350000000000001E+001  8.4183196373819328E+001
 1.1400000000000000E+001  8.5132528525261606E+001
 1.1450000000000001E+001  8.4768734984710861E+001
 1.1500000000000000E+001  8.3389933444177515E+001
 1.1550000000000001E+001  8.1100495264092004E+001
 1.1600000000000001E+001  7.8317830649887696E+001
 1.1650000000000000E+001  7.5849871787569612E+001
 1.1700000000000001E+001  7.4478396472894204E+001
 1.1750000000000000E+001  7.5259077297066710E+001
 1.1800000000000001E+001  7.6788658755035570E+001
 1.1850000000000001E+001  8.0454236470510040E+001
 1.1900000000000000E+001  8.4839829709123038E+001
 1.1950000000000001E+001  9.0305787095904734E+001
 1.2000000000000000E+001  9.4883693807777846E+001
 1.2050000000000001E+001  9.8288969109214435E+001
 1.2100000000000001E+001  9.9396428718551689E+001
 1.2150000000000000E+001  9.9159098010345161E+001
 1.2200000000000001E+001  9.7533181716529697E+001
 1.2250000000000000E+001  9.4446257275028415E+001
 1.2300000000000001E+001  8.9539197164525206E+001
 1.2350000000000001E+001  8.4206726214330246E+001
 1.2400000000000000E+001  8.0192887066116441E+001
 1.2450000000000001E+001  7.7531567398327425E+001
 1.2500000000000000E+001  7.6578628290544671E+001
 1.2550000000000001E+001  7.6410902130809788E+001
 1.2600000000000001E+001  7.6895656653451425E+001
 1.2650000000000000E+001  7.8220655680276181E+001
 1.2700000000000001E+001  8.0615848944868844E+001
 1.2750000000000000E+001  8.2661347569907363E+001
 1.2800000000000001E+001  8.2731483546889635E+001
 1.2850000000000001E+001  8.1538555558203001E+001
 1.2900000000000000E+001  7.9612055091151518E+001
 1.2950000000000001E+001  7.8409926453636587E+001
 1.3000000000000000E+001  7.6577552711525229E+001
 1.3050000000000001E+001  7.5308061341396410E+001
 1.3100000000000001E+001  7.3411253349855244E+001
 1.3150000000000000E+001  7.1323252491967025E+001
 1.3200000000000001E+001  6.9214213782295417E+001
 1.3250000000000000E+001  6.8316873183416874E+001
 1.3300000000000001E+001  6.7776950310818322E+001
 1.3350000000000001E+001  6.8280074052059618E+001
 1.3400000000000000E+001  6.9630305082063131E+001
 1.3450000000000001E+001  7.0624365586269136E+001
 1.3500000000000000E+001  7.1070096837747641E+001
 1.3550000000000001E+001  7.1336930016376158E+001
 1.3600000000000001E+001  7.1104622708703673E+001
 1.3650000000000000E+001  6.9595337748205054E+001
 1.3700000000000001E+001  6.8023670060728023E+001
 1.3750000000000000E+001  6.7548096224154477E+001
 1.3800000000000001E+001  6.7203478962722912E+001
 1.3850000000000001E+001  6.8001651371280573E+001
 1.3900000000000000E+001  6.9711899543192800E+001
 1.3950000000000001E+001  7.1872530501876838E+001
 1.4000000000000000E+001  7.4121974781723267E+001
 1.4050000000000001E+001  7.5366937077643342E+001
 1.4100000000000001E+001  7.5405904929401089E+001
 1.4150000000000000E+001  7.4370175921924712E+001
 1.4200000000000001E+001  7.2761482007822210E+001
 1.4250000000000000E+001  7.0039931834227019E+001
 1.4300000000000001E+001  6.8862772791275930E+001
 1.4350000000000001E+001  6.8436793858937691E+001
 1.4400000000000000E+001  6.8209829338652938E+001
 1.4450000000000001E+001  6.7756452536090279E+001
 1.4500000000000000E+001  6.7295838278850070E+001
 1.4550000000000001E+001  6.6953442336749873E+001
 1.4600000000000001E+001  6.6068521899906031E+001
 1.4650000000000000E+001  6.5158586885161597E+001
 1.4700000000000001E+001  6.4413184074209326E+001
 1.4750000000000000E+001  6.3641395992850534E+001
 1.4800000000000001E+001  6.3039074957109797E+001
 1.4850000000000001E+001  6.3833708154543402E+001
 1.4900000000000000E+001  6.5194400137765754E+001
 1.4950000000000001E+001  6.5631612659491040E+001
 1.5000000000000000E+001  6.6215050746140392E+001
 1.5050000000000001E+001  6.6618091508270481E+001
 1.5100000000000001E+001  6.6401999521026625E+001
 1.5150000000000000E+001  6.6233494139402382E+001
 1.5200000000000001E+001  6.5901426286992063E+001
 1.5250000000000000E+001  6.5572071283180193E+001
 1.5300000000000001E+001  6.5453003437266972E+001
 1.5350000000000001E+001  6.4683784534534354E+001
 1.5400000000000000E+001  6.3868911599174496E+001
 1.5450000000000001E+001  6.3002469999757359E+001
 1.5500000000000000E+001  6.3005193964619593E+001
 1.5550000000000001E+001  6.3138328172373988E+001
 1.5600000000000001E+001  6.3710087906486585E+001
 1.5650000000000000E+001  6.4170812851114860E+001
 1.5700000000000001E+001  6.4194271566283916E+001
 1.5750000000000000E+001  6.3521204663564973E+001
 1.5800000000000001E+001  6.2731045977575192E+001
 1.5850000000000001E+001  6.1531693106130248E+001
 1.5900000000000000E+001  6.0286411003119056E+001
 1.5950000000000001E+001  5.9689872160599222E+001
 1.6000000000000000E+001  5.9637285890413665E+001
 1.6050000000000001E+001  6.0230264318980346E+001
 1.6100000000000001E+001  6.0905014124973853E+001
 1.6150000000000002E+001  6.1263917582732518E+001
 1.6199999999999999E+001  6.1379437902095411E+001
 1.6250000000000000E+001  6.1336742733304639E+001
 1.6300000000000001E+001  6.1218648751798312E+001
 1.6350000000000001E+001  6.0719749161846494E+001
 1.6400000000000002E+001  6.1018645557049673E+001
 1.6449999999999999E+001  6.1342549409515570E+001
 1.6500000000000000E+001  6.1795224040174439E+001
 1.6550000000000001E+001  6.2670029525466227E+001
 1.6600000000000001E+001  6.3463332625518511E+001
 1.6650000000000002E+001  6.4548232381795970E+001
 1.6699999999999999E+001  6.5614555034250017E+001
 1.6750000000000000E+001  6.6176160333874023E+001
 1.6800000000000001E+001  6.6630007655148106E+001
 1.6850000000000001E+001  6.7061132066008938E+001
 1.6900000000000002E+001  6.6292359392282094E+001
 1.6949999999999999E+001  6.5117669166625618E+001
 1.7000000000000000E+001  6.4655391963498161E+001
 1.7050000000000001E+001  6.4545981302058024E+001
 1.7100000000000001E+001  6.4282349217577433E+001
 1.7150000000000002E+001  6.4197920132823654E+001
 1.7199999999999999E+001  6.4421344308222814E+001
 1.7250000000000000E+001  6.4372981425721278E+001
 1.7300000000000001E+001  6.5245265036926867E+001
 1.7350000000000001E+001  6.6308481317472911E+001
 1.7400000000000002E+001  6.6737307478235053E+001
 1.7449999999999999E+001  6.7261037948930067E+001
 1.7500000000000000E+001  6.7802983385928030E+001
 1.7550000000000001E+001  6.8555025801801364E+001
 1.7600000000000001E+001  6.8611906880180086E+001
 1.7650000000000002E+001  6.8910566255093812E+001
 1.7699999999999999E+001  6.9551252230147853E+001
 1.7750000000000000E+001  6.9386207362587214E+001
 1.7800000000000001E+001  6.9066876172029765E+001
 1.7850000000000001E+001  6.9638035877349125E+001
 1.7900000000000002E+001  6.9710314598749164E+001
 1.7949999999999999E+001  6.9471337001680396E+001
 1.8000000000000000E+001  6.8935256248741254E+001
 1.8050000000000001E+001  6.8656692684061724E+001
 1.8100000000000001E+001  6.8625325656412684E+001
 1.8150000000000002E+001  6.8221588997041209E+001
 1.8199999999999999E+001  6.7971217778211312E+001
 1.8250000000000000E+001  6.7736690985459305E+001
 1.8300000000000001E+001  6.7852843236962087E+001
 1.8350000000000001E+001  6.8122109452136968E+001
 1.8400000000000002E+001  6.8517769890026770E+001
 1.8449999999999999E+001  6.9492672503117475E+001
 1.8500000000000000E+001  7.0547945564636919E+001
 1.8550000000000001E+001  7.0631246078048193E+001
 1.8600000000000001E+001  7.0707866337891232E+001
 1.8650000000000002E+001  7.0803927331858972E+001
 1.8699999999999999E+001  7.0586659054778920E+001
 1.8750000000000000E+001  7.0271218094509123E+001
 1.8800000000000001E+001  6.9371343611637727E+001
 1.8850000000000001E+001  6.9228159035695612E+001
 1.8900000000000002E+001  6.9026844977075953E+001
 1.8949999999999999E+001  6.8505745017659379E+001
 1.9000000000000000E+001  6.8262751773620550E+001
 1.9050000000000001E+001  6.8355006676118592E+001
 1.9100000000000001E+001  6.8350786997220894E+001
 1.9150000000000002E+001  6.7908623690114013E+001
 1.9200000000000003E+001  6.7170224708738033E+001
 1.9250000000000000E+001  6.7388812784504083E+001
 1.9300000000000001E+001  6.7544852770892305E+001
 1.9350000000000001E+001  6.7450544763817632E+001
 1.9400000000000002E+001  6.8303837079056393E+001
 1.9450000000000003E+001  6.8495994226703942E+001
 1.9500000000000000E+001  6.8245336498931906E+001
 1.9550000000000001E+001  6.8370226295590996E+001
 1.9600000000000001E+001  6.8484448871403600E+001
 1.9650000000000002E+001  6.8914690176444481E+001
 1.9700000000000003E+001  6.8878857853120394E+001
 1.9750000000000000E+001  6.8418116965239037E+001
 1.9800000000000001E+001  6.8436089297850785E+001
 1.9850000000000001E+001  6.7983592031316263E+001
 1.9900000000000002E+001  6.7548920441809642E+001
 1.9950000000000003E+001  6.7074088880509549E+001
 2.0000000000000000E+001  6.6597692621719148E+001
 2.0050000000000001E+001  6.6358060215415989E+001
 2.0100000000000001E+001  6.6064401193802425E+001
 2.0150000000000002E+001  6.6864050348278923E+001
 2.0200000000000003E+001  6.6905537965041958E+001
 2.0250000000000000E+001  6.7508328218588744E+001
 2.0300000000000001E+001  6.7425188539796906E+001
 2.0350000000000001E+001  6.7046840636465447E+001
 2.0400000000000002E+001  6.6764876493768526E+001
 2.0450000000000003E+001  6.6378105296681667E+001
 2.0500000000000000E+001  6.5943135600912996E+001
 2.0550000000000001E+001  6.5888012324863581E+001
 2.0600000000000001E+001  6.5644119299329944E+001
 2.0650000000000002E+001  6.6280558686644909E+001
 2.0700000000000003E+001  6.6790775321650599E+001
 2.0750000000000000E+001  6.7277522962485961E+001
 2.0800000000000001E+001  6.7782794470555316E+001
 2.0850000000000001E+001  6.8432752069243236E+001
 2.0900000000000002E+001  6.8970093662058943E+001
 2.0950000000000003E+001  6.8921233786445825E+001
 2.1000000000000000E+001  6.9513257795929292E+001
 2.1050000000000001E+001  6.9943461841593646E+001
 2.1100000000000001E+001  6.9823202177792467E+001
 2.1150000000000002E+001  7.0398441516172710E+001
 2.1200000000000003E+001  7.1292603149620192E+001
 2.1250000000000000E+001  7.1971823142503666E+001
 2.1300000000000001E+001  7.1634774776567568E+001
 2.1350000000000001E+001  7.1213131050550359E+001
 2.1400000000000002E+001  7.0823302597213896E+001
 2.1450000000000003E+001  7.0637525476886267E+001
 2.1500000000000000E+001  6.9761060451165505E+001
 2.1550000000000001E+001  6.8900565192215353E+001
 2.1600000000000001E+001  6.8603140000204277E+001
 2.1650000000000002E+001  6.9076606332500134E+001
 2.1700000000000003E+001  6.8658198331280303E+001
 2.1750000000000000E+001  6.8579175043442248E+001
 2.1800000000000001E+001  6.8909885885027762E+001
 2.1850000000000001E+001  6.9372893412293749E+001
 2.1900000000000002E+001  6.8608315344067407E+001
 2.1950000000000003E+001  6.8240465922192172E+001
 2.2000000000000000E+001  6.7764901540140642E+001
 2.2050000000000001E+001  6.7390254677384704E+001
 2.2100000000000001E+001  6.6762744338691576E+001
 2.2150000000000002E+001  6.6721423849146788E+001
 2.2200000000000003E+001  6.6236842559199118E+001
 2.2250000000000000E+001  6.6036973509168334E+001
 2.2300000000000001E+001  6.5822320008481114E+001
 2.2350000000000001E+001  6.5925249829291019E+001
 2.2400000000000002E+001  6.5544621217881044E+001
 2.2450000000000003E+001  6.5302661199331055E+001
 2.2500000000000000E+001  6.4700107552491971E+001
 2.2550000000000001E+001  6.4718234135952201E+001
 2.2600000000000001E+001  6.4683605345644466E+001
 2.2650000000000002E+001  6.4158995884040337E+001
 2.2700000000000003E+001  6.4532570522345765E+001
 2.2750000000000000E+001  6.4240896114562261E+001
 2.2800000000000001E+001  6.3517683431027315E+001
 2.2850000000000001E+001  6.2878311939953889E+001
 2.2900000000000002E+001  6.2176420252263981E+001
 2.2950000000000003E+001  6.1458164338978520E+001
 2.3000000000000000E+001  6.1224241833140390E+001
 2.3050000000000001E+001  6.1115184808685441E+001
 2.3100000000000001E+001  6.0415394117635664E+001
 2.3150000000000002E+001  5.9914582423667646E+001
 2.3200000000000003E+001  5.9938275718760551E+001
 2.3250000000000000E+001  5.9755882384856413E+001
 2.3300000000000001E+001  5.9196661643784502E+001
 2.3350000000000001E+001  5.8689866508268807E+001
 2.3400000000000002E+001  5.8459183777862343E+001
 2.3450000000000003E+001  5.8459919182850619E+001
 2.3500000000000000E+001  5.8291809388552814E+001
 2.3550000000000001E+001  5.8228632415625221E+001
 2.3600000000000001E+001  5.7929065893355911E+001
 2.3650000000000002E+001  5.7882923155582603E+001
 2.3700000000000003E+001  5.7588349157415529E+001
 2.3750000000000000E+001  5.7412659813482179E+001
 2.3800000000000001E+001  5.6858208087727853E+001
 2.3850000000000001E+001  5.7130557919209679E+001
 2.3900000000000002E+001  5.7154597606150787E+001
 2.3950000000000003E+001  5.7182651910462468E+001
 2.4000000000000000E+001  5.6920869832309407E+001
 2.4050000000000001E+001  5.6666205301702107E+001
 2.4100000000000001E+001  5.6494526218225950E+001
 2.4150000000000002E+001  5.5950857731583376E+001
 2.4200000000000003E+001  5.5905648863813276E+001
 2.4250000000000000E+001  5.6084043755552429E+001
 2.4300000000000001E+001  5.6045315101928537E+001
 2.4350000000000001E+001  5.6059330827126367E+001
 2.4400000000000002E+001  5.5946829837443552E+001
 2.4450000000000003E+001  5.5481745023763175E+001
 2.4500000000000000E+001  5.5236136569885709E+001
 2.4550000000000001E+001  5.5110725283009486E+001
 2.4600000000000001E+001  5.4989980823590749E+001
 2.4650000000000002E+001  5.4707312979180131E+001
 2.4700000000000003E+001  5.4397742925282131E+001
 2.4750000000000000E+001  5.4103206155131758E+001
 2.4800000000000001E+001  5.3721274390255580E+001
 2.4850000000000001E+001  5.3388349532564050E+001
 2.4900000000000002E+001  5.2624504733297293E+001
 2.4950000000000003E+001  5.2281704203565525E+001
 2.5000000000000000E+001  5.1952018746564264E+001
 2.5050000000000001E+001  5.1729886154881974E+001
 2.5100000000000001E+001  5.1940866400680598E+001
 2.5150000000000002E+001  5.1714414033699747E+001
 2.5200000000000003E+001  5.1983865141554745E+001
 2.5250000000000000E+001  5.1601776774658106E+001
 2.5300000000000001E+001  5.1453805293074673E+001
 2.5350000000000001E+001  5.1208463733880329E+001
 2.5400000000000002E+001  5.1189725759010443E+001
 2.5450000000000003E+001  5.1099567534430825E+001
 2.5500000000000000E+001  5.1249198759963946E+001
 2.5550000000000001E+001  5.0795792943807129E+001
 2.5600000000000001E+001  5.0643919842052121E+001
 2.5650000000000002E+001  5.0592837614004310E+001
 2.5700000000000003E+001  5.0520130328151637E+001
 2.5750000000000000E+001  5.0428203805253901E+001
 2.5800000000000001E+001  5.0047913942746696E+001
 2.5850000000000001E+001  4.9928692945827983E+001
 2.5900000000000002E+001  4.9564322200161854E+001
 2.5950000000000003E+001  4.9021409411061150E+001
 2.6000000000000000E+001  4.8644790380984276E+001
 2.6050000000000001E+001  4.8451507350339931E+001
 2.6100000000000001E+001  4.8503940570131114E+001
 2.6150000000000002E+001  4.8268736906381996E+001
 2.6200000000000003E+001  4.8213104762752302E+001
 2.6250000000000000E+001  4.8206438219613361E+001
 2.6300000000000001E+001  4.7757871000345460E+001
 2.6350000000000001E+001  4.7303403567908575E+001
 2.6400000000000002E+001  4.7058698243680531E+001
 2.6450000000000003E+001  4.6745483399530158E+001
 2.6500000000000000E+001  4.6652843894417288E+001
 2.6550000000000001E+001  4.6406874346419499E+001
 2.6600000000000001E+001  4.6215020917577029E+001
 2.6650000000000002E+001  4.6090620661177013E+001
 2.6700000000000003E+001  4.6138544995723642E+001
 2.6750000000000000E+001  4.5730793563355782E+001
 2.6800000000000001E+001  4.5822021240935790E+001
 2.6850000000000001E+001  4.5737107663923354E+001
 2.6900000000000002E+001  4.5616243673806615E+001
 2.6950000000000003E+001  4.5502717169199450E+001
 2.7000000000000000E+001  4.5619673709897739E+001
 2.7050000000000001E+001  4.5282307659847106E+001
 2.7100000000000001E+001  4.5144083986494145E+001
 2.7150000000000002E+001  4.5019229210950897E+001
 2.7200000000000003E+001  4.4867994031892493E+001
 2.7250000000000000E+001  4.4576030307044398E+001
 2.7300000000000001E+001  4.4660486634660970E+001
 2.7350000000000001E+001  4.4695051490994842E+001
 2.7400000000000002E+001  4.4393145094714285E+001
 2.7450000000000003E+001  4.3789909672945001E+001
 2.7500000000000000E+001  4.3895327723588586E+001
 2.7550000000000001E+001  4.3669220691231786E+001
 2.7600000000000001E+001  4.3070412878262417E+001
 2.7650000000000002E+001  4.3127598745833524E+001
 2.7700000000000003E+001  4.3326426690234491E+001
 2.7750000000000000E+001  4.3400703348324356E+001
 2.7800000000000001E+001  4.3202044574253776E+001
 2.7850000000000001E+001  4.2844207880980726E+001
 2.7900000000000002E+001  4.2515123207920489E+001
 2.7950000000000003E+001  4.2840268130186523E+001
 2.8000000000000000E+001  4.2863594216697884E+001
 2.8050000000000001E+001  4.2616609376762362E+001
 2.8100000000000001E+001  4.2321768651249201E+001
 2.8150000000000002E+001  4.2130085398112058E+001
 2.8200000000000003E+001  4.2048274149301470E+001
 2.8250000000000000E+001  4.2072624361654462E+001
 2.8300000000000001E+001  4.1612665409803242E+001
 2.8350000000000001E+001  4.1656304489504080E+001
 2.8400000000000002E+001  4.2004006394824017E+001
 2.8450000000000003E+001  4.1952586309790945E+001
 2.8500000000000000E+001  4.1795406456751593E+001
 2.8550000000000001E+001  4.1587312894308937E+001
 2.8600000000000001E+001  4.1004134115226982E+001
 2.8650000000000002E+001  4.0744991733687876E+001
 2.8700000000000003E+001  4.0805488547214864E+001
 2.8750000000000000E+001  4.0506785831126415E+001
 2.8800000000000001E+001  4.0307104695291827E+001
 2.8850000000000001E+001  4.0386494695501348E+001
 2.8900000000000002E+001  4.0267141707636767E+001
 2.8950000000000003E+001  4.0116955846380570E+001
 2.9000000000000000E+001  4.0013543229415845E+001
 2.9050000000000001E+001  3.9807670743481573E+001
 2.9100000000000001E+001  4.0085943379796362E+001
 2.9150000000000002E+001  4.0100048909776369E+001
 2.9200000000000003E+001  4.0031051524158308E+001
 2.9250000000000000E+001  3.9570266862645425E+001
 2.9300000000000001E+001  3.9344974553521567E+001
 2.9350000000000001E+001  3.9202864170353223E+001
 2.9400000000000002E+001  3.9246361848583689E+001
 2.9450000000000003E+001  3.9137977833182134E+001
 2.9500000000000000E+001  3.9360271186631337E+001
 2.9550000000000001E+001  3.9173728425045049E+001
 2.9600000000000001E+001  3.8999663647389980E+001
 2.9650000000000002E+001  3.8690918103424174E+001
 2.9700000000000003E+001  3.9075731573213716E+001
 2.9750000000000000E+001  3.9097827791805585E+001
 2.9800000000000001E+001  3.8662454444714747E+001
 2.9850000000000001E+001  3.8351045096306713E+001
 2.9900000000000002E+001  3.8638446968151619E+001
 2.9950000000000003E+001  3.9202232468864381E+001
 3.0000000000000000E+001  3.8905236473597490E+001
 3.0050000000000001E+001  3.8483192898674844E+001
 3.0100000000000001E+001  3.8602500507814824E+001
 3.0150000000000002E+001  3.8734460816531204E+001
 3.0200000000000003E+001  3.8799223634361553E+001
 3.0250000000000000E+001  3.8887539781205895E+001
 3.0300000000000001E+001  3.8733849105462539E+001
 3.0350000000000001E+001  3.8349243319641218E+001
 3.0400000000000002E+001  3.7978139609976957E+001
 3.0450000000000003E+001  3.8634285271496907E+001
 3.0500000000000000E+001  3.8845731768953392E+001
 3.0550000000000001E+001  3.8683029281918905E+001
 3.0600000000000001E+001  3.8769987864044431E+001
 3.0650000000000002E+001  3.8834868361864054E+001
 3.0700000000000003E+001  3.9058690196613767E+001
 3.0750000000000000E+001  3.8774684384177093E+001
 3.0800000000000001E+001  3.8754305361463956E+001
 3.0850000000000001E+001  3.8710272707025716E+001
 3.0900000000000002E+001  3.9044273810821416E+001
 3.0950000000000003E+001  3.8879248194332554E+001
 3.1000000000000000E+001  3.8844840593043664E+001
 3.1050000000000001E+001  3.8819982079864957E+001
 3.1100000000000001E+001  3.9121199266563025E+001
 3.1150000000000002E+001  3.8888497353634783E+001
 3.1200000000000003E+001  3.8637533538956880E+001
 3.1250000000000000E+001  3.9002653330467744E+001
 3.1300000000000001E+001  3.8910056480245061E+001
 3.1350000000000001E+001  3.9025797811233879E+001
 3.1400000000000002E+001  3.9356877669904009E+001
 3.1450000000000003E+001  3.9194868262814808E+001
 3.1500000000000000E+001  3.8911536475698334E+001
 3.1550000000000001E+001  3.9213056114526722E+001
 3.1600000000000001E+001  3.9339988079418809E+001
 3.1650000000000002E+001  3.9022213787111070E+001
 3.1700000000000003E+001  3.9296187682101603E+001
 3.1750000000000000E+001  3.9554498543017424E+001
 3.1800000000000001E+001  3.9672305043487619E+001
 3.1850000000000001E+001  3.9311279650715228E+001
 3.1900000000000002E+001  3.9066696059087676E+001
 3.1950000000000003E+001  3.9509269504814718E+001
 3.2000000000000000E+001  3.9937492507990356E+001
 3.2050000000000004E+001  4.0042553370429459E+001
 3.2100000000000001E+001  4.0239852269622311E+001
 3.2149999999999999E+001  4.0218160128475802E+001
 3.2200000000000003E+001  3.9950779606723707E+001
 3.2250000000000000E+001  4.0184603819943511E+001
 3.2300000000000004E+001  4.0114983631636989E+001
 3.2350000000000001E+001  4.0119938394688667E+001
 3.2399999999999999E+001  4.0576459674915107E+001
 3.2450000000000003E+001  3.9989122533312297E+001
 3.2500000000000000E+001  4.0103229671147780E+001
 3.2550000000000004E+001  3.9649124919851033E+001
 3.2600000000000001E+001  3.9620263037069222E+001
 3.2649999999999999E+001  3.9834953259325395E+001
 3.2700000000000003E+001  3.9992921259510076E+001
 3.2750000000000000E+001  3.9807086391140857E+001
 3.2800000000000004E+001  3.9808517503025875E+001
 3.2850000000000001E+001  3.9528664017189790E+001
 3.2899999999999999E+001  3.9637161925913858E+001
 3.2950000000000003E+001  3.9536861265429131E+001
 3.3000000000000000E+001  3.9789391735231789E+001
 3.3050000000000004E+001  3.9308225143987151E+001
 3.3100000000000001E+001  3.9469727372023982E+001
 3.3149999999999999E+001  3.9398556493574681E+001
 3.3200000000000003E+001  3.8974421425079910E+001
 3.3250000000000000E+001  3.8939363893658864E+001
 3.3300000000000004E+001  3.9016504288806964E+001
 3.3350000000000001E+001  3.9053910679025869E+001
 3.3399999999999999E+001  3.8793978385345184E+001
 3.3450000000000003E+001  3.8931209621836565E+001
 3.3500000000000000E+001  3.9147733383834641E+001
 3.3550000000000004E+001  3.9041542323071134E+001
 3.3600000000000001E+001  3.9036988737974369E+001
 3.3649999999999999E+001  3.8768272014624223E+001
 3.3700000000000003E+001  3.8682119351135249E+001
 3.3750000000000000E+001  3.8765743230428782E+001
 3.3800000000000004E+001  3.8800695393145617E+001
 3.3850000000000001E+001  3.8750522653727529E+001
 3.3899999999999999E+001  3.8762443736800961E+001
 3.3950000000000003E+001  3.8533706333823226E+001
 3.4000000000000000E+001  3.8139206460511645E+001
 3.4050000000000004E+001  3.8266864144758166E+001
 3.4100000000000001E+001  3.8329872094125676E+001
 3.4149999999999999E+001  3.8230247912926593E+001
 3.4200000000000003E+001  3.7963369801005712E+001
 3.4250000000000000E+001  3.7560900227193436E+001
 3.4300000000000004E+001  3.7609540036159579E+001
 3.4350000000000001E+001  3.7940192563312067E+001
 3.4399999999999999E+001  3.7260535015949515E+001
 3.4450000000000003E+001  3.7171098828933765E+001
 3.4500000000000000E+001  3.7199133313132236E+001
 3.4550000000000004E+001  3.7775125195269879E+001
 3.4600000000000001E+001  3.7704748065803940E+001
 3.4649999999999999E+001  3.7917462390678750E+001
 3.4700000000000003E+001  3.7287827604724029E+001
 3.4750000000000000E+001  3.7476387006235711E+001
 3.4800000000000004E+001  3.7640555217273729E+001
 3.4850000000000001E+001  3.7748449039386230E+001
 3.4899999999999999E+001  3.7897222196783169E+001
 3.4950000000000003E+001  3.7882163588379306E+001
 3.5000000000000000E+001  3.7921220721402612E+001
 3.5050000000000004E+001  3.7633562048899265E+001
 3.5100000000000001E+001  3.7432611622527119E+001
 3.5149999999999999E+001  3.7218239249092555E+001
 3.5200000000000003E+001  3.7226568046587929E+001
 3.5250000000000000E+001  3.7631077727064664E+001
 3.5300000000000004E+001  3.7598770560043292E+001
 3.5350000000000001E+001  3.7075500631794263E+001
 3.5399999999999999E+001  3.6482528637833497E+001
 3.5450000000000003E+001  3.6613700439808753E+001
 3.5500000000000000E+001  3.6251115212936263E+001
 3.5550000000000004E+001  3.7053706740256466E+001
 3.5600000000000001E+001  3.6783769475324242E+001
 3.5649999999999999E+001  3.6058260987173796E+001
 3.5700000000000003E+001  3.5875425533747439E+001
 3.5750000000000000E+001  3.6229509542314119E+001
 3.5800000000000004E+001  3.6097562940951455E+001
 3.5850000000000001E+001  3.6703640041036337E+001
 3.5899999999999999E+001  3.6541913682245287E+001
 3.5950000000000003E+001  3.6522995133901851E+001
 3.6000000000000000E+001  3.6791098053172007E+001
 3.6050000000000004E+001  3.6757691144403793E+001
 3.6100000000000001E+001  3.6781007647919544E+001
 3.6149999999999999E+001  3.6168515126481680E+001
 3.6200000000000003E+001  3.6087604511934778E+001
 3.6250000000000000E+001  3.5475617886464732E+001
 3.6300000000000004E+001  3.4983801450193035E+001
 3.6350000000000001E+001  3.5193439999459564E+001
 3.6399999999999999E+001  3.6086353528005887E+001
 3.6450000000000003E+001  3.6090764219872277E+001
 3.6500000000000000E+001  3.5441010391760500E+001
 3.6550000000000004E+001  3.4932017725992822E+001
 3.6600000000000001E+001  3.5322093866965432E+001
 3.6649999999999999E+001  3.5146767530828534E+001
 3.6700000000000003E+001  3.5321563760135675E+001
 3.6750000000000000E+001  3.5592745600945868E+001
 3.6800000000000004E+001  3.4937691979285923E+001
 3.6850000000000001E+001  3.4916572852729864E+001
 3.6899999999999999E+001  3.5145504739454125E+001
 3.6950000000000003E+001  3.5162586142730589E+001
 3.7000000000000000E+001  3.5008364039524110E+001
 3.7050000000000004E+001  3.5277152138278588E+001
 3.7100000000000001E+001  3.5279184701544189E+001
 3.7149999999999999E+001  3.5329187968149320E+001
 3.7200000000000003E+001  3.4585976179011517E+001
 3.7250000000000000E+001  3.4653778946081445E+001
 3.7300000000000004E+001  3.4784118387408355E+001
 3.7350000000000001E+001  3.4867187719051365E+001
 3.7399999999999999E+001  3.4363224239825513E+001
 3.7450000000000003E+001  3.4082652268826699E+001
 3.7500000000000000E+001  3.3304303289217074E+001
 3.7550000000000004E+001  3.3325810152515118E+001
 3.7600000000000001E+001  3.3575600329277741E+001
 3.7649999999999999E+001  3.3300279977826285E+001
 3.7700000000000003E+001  3.3821051565568311E+001
 3.7750000000000000E+001  3.4144409328798034E+001
 3.7800000000000004E+001  3.4196994425824883E+001
 3.7850000000000001E+001  3.3965046221552569E+001
 3.7899999999999999E+001  3.3764165016233783E+001
 3.7950000000000003E+001  3.3664287680476569E+001
 3.8000000000000000E+001  3.3424718894283707E+001
 3.8050000000000004E+001  3.3053142180886894E+001
 3.8100000000000001E+001  3.2905870319513305E+001
 3.8149999999999999E+001  3.3356938546348928E+001
 3.8200000000000003E+001  3.3441795928294724E+001
 3.8250000000000000E+001  3.2507775694348283E+001
 3.8300000000000004E+001  3.2861896980503786E+001
 3.8350000000000001E+001  3.2787625782483481E+001
 3.8400000000000006E+001  3.3464311565201598E+001
 3.8450000000000003E+001  3.2762010940193491E+001
 3.8500000000000000E+001  3.3122593042309362E+001
 3.8550000000000004E+001  3.2451453499450587E+001
 3.8600000000000001E+001  3.2934970785897740E+001
 3.8650000000000006E+001  3.3925497633476432E+001
 3.8700000000000003E+001  3.2849219682806691E+001
 3.8750000000000000E+001  3.2153897022132867E+001
 3.8800000000000004E+001  3.2705392188872629E+001
 3.8850000000000001E+001  3.3060894771158651E+001
 3.8900000000000006E+001  3.2677061297689683E+001
 3.8950000000000003E+001  3.2326835198740490E+001
 3.9000000000000000E+001  3.1749611354298843E+001
 3.9050000000000004E+001  3.1957456982326317E+001
 3.9100000000000001E+001  3.2688278653463591E+001
 3.9150000000000006E+001  3.2318303071568984E+001
 3.9200000000000003E+001  3.3054497698778022E+001
 3.9250000000000000E+001  3.2329543976792692E+001
 3.9300000000000004E+001  3.2393986019719485E+001
 3.9350000000000001E+001  3.1721145784520075E+001
 3.9400000000000006E+001  3.2072306834212938E+001
 3.9450000000000003E+001  3.2277922724949725E+001
 3.9500000000000000E+001  3.2471317600507618E+001
 3.9550000000000004E+001  3.2104512714421077E+001
 3.9600000000000001E+001  3.1228446151712365E+001
 3.9650000000000006E+001  3.1761616297879367E+001
 3.9700000000000003E+001  3.2856085739808542E+001
 3.9750000000000000E+001  3.2434282543552825E+001
 3.9800000000000004E+001  3.2166716821783439E+001
 3.9850000000000001E+001  3.1268494626891794E+001
 3.9900000000000006E+001  3.0711914599795225E+001
 3.9950000000000003E+001  3.1017064073003624E+001
 4.0000000000000000E+001  3.1196988879634588E+001
 4.0050000000000004E+001  3.1917005356098716E+001
 4.0100000000000001E+001  3.2584556616078686E+001
 4.0150000000000006E+001  3.1506936226671911E+001
 4.0200000000000003E+001  3.1032715214407418E+001
 4.0250000000000000E+001  3.0864823015900821E+001
 4.0300000000000004E+001  3.1339928231354730E+001
 4.0350000000000001E+001  3.1112724950395648E+001
 4.0400000000000006E+001  3.0172395894359614E+001
 4.0450000000000003E+001  2.9604567842597593E+001
 4.0500000000000000E+001  2.9543254040147730E+001
 4.0550000000000004E+001  3.0021365074403786E+001
 4.0600000000000001E+001  2.8804749112646096E+001
 4.0650000000000006E+001  2.9222207932639243E+001
 4.0700000000000003E+001  2.9410648924435751E+001
 4.0750000000000000E+001  3.0190978387814919E+001
 4.0800000000000004E+001  3.2099590818144272E+001
 4.0850000000000001E+001  3.2518006323821332E+001
 4.0900000000000006E+001  3.0677451099215062E+001
 4.0950000000000003E+001  3.2735121201792396E+001
 4.1000000000000000E+001  3.4539803691288640E+001
 4.1050000000000004E+001  3.6851454115748730E+001
 4.1100000000000001E+001  3.0384121283480450E+001
 4.1150000000000006E+001  3.8971016491151694E+001
 4.1200000000000003E+001  4.2694632726878567E+001
 4.1250000000000000E+001  5.0161257000439001E+001
