 2.4000000000000004E+000  1.2192237035858513E+001
 2.4500000000000002E+000  1.3360749924683088E+001
 2.5000000000000000E+000  1.2695401552833657E+001
 2.5500000000000003E+000  1.3732970534437404E+001
 2.6000000000000001E+000  1.6255851388443816E+001
 2.6500000000000004E+000  1.8972672621733256E+001
 2.7000000000000002E+000  2.3697154930752507E+001
 2.7500000000000000E+000  3.3254608337408186E+001
 2.8000000000000003E+000  6.5746075217565902E+001
 2.8500000000000001E+000  1.3915024670113320E+002
 2.9000000000000004E+000  2.3116359784449170E+002
 2.9500000000000002E+000  3.4852821008877476E+002
 3.0000000000000000E+000  4.7631677037877296E+002
 3.0500000000000003E+000  5.8148363962329165E+002
 3.1000000000000001E+000  6.4053227574775030E+002
 3.1500000000000004E+000  6.2417495361640204E+002
 3.2000000000000002E+000  5.3819305884257619E+002
 3.2500000000000000E+000  4.4581710334607578E+002
 3.3000000000000003E+000  3.6821343689349379E+002
 3.3500000000000001E+000  3.1438425124743350E+002
 3.4000000000000004E+000  2.7705017580978267E+002
 3.4500000000000002E+000  2.6239894681310409E+002
 3.5000000000000000E+000  2.7574880975781178E+002
 3.5500000000000003E+000  2.9518360434169028E+002
 3.6000000000000001E+000  2.8995529115018269E+002
 3.6500000000000004E+000  2.6197028798420035E+002
 3.7000000000000002E+000  2.2760852462118922E+002
 3.7500000000000000E+000  1.9776031985017627E+002
 3.8000000000000003E+000  1.7912689683805240E+002
 3.8500000000000001E+000  1.6661121385264286E+002
 3.9000000000000004E+000  1.7182108143681805E+002
 3.9500000000000002E+000  1.6930047547134950E+002
 4.0000000000000000E+000  1.5205444179537577E+002
 4.0499999999999998E+000  1.2690140876998812E+002
 4.1000000000000005E+000  1.0146000425389612E+002
 4.1500000000000004E+000  8.1154090521879638E+001
 4.2000000000000002E+000  6.6641239603669504E+001
 4.2500000000000000E+000  5.7862427998115216E+001
 4.2999999999999998E+000  4.9923760499949246E+001
 4.3500000000000005E+000  4.4017636862751601E+001
 4.4000000000000004E+000  4.0981663956313049E+001
 4.4500000000000002E+000  3.9925887950195822E+001
 4.5000000000000000E+000  4.0337664210586546E+001
 4.5499999999999998E+000  4.1956864884945190E+001
 4.6000000000000005E+000  4.3948821464792729E+001
 4.6500000000000004E+000  4.5670585222270660E+001
 4.7000000000000002E+000  4.7324020405611179E+001
 4.7500000000000000E+000  4.9599396174535912E+001
 4.8000000000000007E+000  5.2512521415531403E+001
 4.8500000000000005E+000  5.5690175875932070E+001
 4.9000000000000004E+000  5.7106516820581874E+001
 4.9500000000000002E+000  5.5863841437300650E+001
 5.0000000000000000E+000  5.4405342189958276E+001
 5.0500000000000007E+000  5.5361252221439997E+001
 5.1000000000000005E+000  5.8599873733961303E+001
 5.1500000000000004E+000  6.4029348586311869E+001
 5.2000000000000002E+000  7.2961463818534156E+001
 5.2500000000000000E+000  8.3522227234452188E+001
 5.3000000000000007E+000  9.3820630138155295E+001
 5.3500000000000005E+000  1.0091629140429382E+002
 5.4000000000000004E+000  1.0271389576617300E+002
 5.4500000000000002E+000  9.8921845429337949E+001
 5.5000000000000000E+000  9.1688408545522918E+001
 5.5500000000000007E+000  8.4409218043219099E+001
 5.6000000000000005E+000  7.8538619032502993E+001
 5.6500000000000004E+000  7.6234336075142409E+001
 5.7000000000000002E+000  7.4269199766561471E+001
 5.7500000000000000E+000  7.3705478755730027E+001
 5.8000000000000007E+000  7.7101290296154104E+001
 5.8500000000000005E+000  8.3628011440584103E+001
 5.9000000000000004E+000  9.3444905441979927E+001
 5.9500000000000002E+000  1.0611903101750207E+002
 6.0000000000000000E+000  1.2022050158929052E+002
 6.0500000000000007E+000  1.3022595544296689E+002
 6.1000000000000005E+000  1.3325700185686060E+002
 6.1500000000000004E+000  1.3132464696625459E+002
 6.2000000000000002E+000  1.2410661078464209E+002
 6.2500000000000000E+000  1.1449994673207311E+002
 6.3000000000000007E+000  1.0398072290912739E+002
 6.3500000000000005E+000  9.5524940942687351E+001
 6.4000000000000004E+000  8.9188893786502263E+001
 6.4500000000000002E+000  8.4398799510900005E+001
 6.5000000000000000E+000  8.2058705128527933E+001
 6.5500000000000007E+000  8.1234021258092369E+001
 6.6000000000000005E+000  8.0157555493256325E+001
 6.6500000000000004E+000  7.8203983131224561E+001
 6.7000000000000002E+000  7.6671308573945979E+001
 6.7500000000000000E+000  7.6216356606873902E+001
 6.8000000000000007E+000  7.6534064919827102E+001
 6.8500000000000005E+000  7.8828943725648912E+001
 6.9000000000000004E+000  8.0741515919389286E+001
 6.9500000000000002E+000  8.1742366645187133E+001
 7.0000000000000000E+000  7.9662150010069269E+001
 7.0500000000000007E+000  7.8293214553784239E+001
 7.1000000000000005E+000  7.7311186725402266E+001
 7.1500000000000004E+000  7.6198372912859526E+001
 7.2000000000000002E+000  7.4803689539673343E+001
 7.2500000000000000E+000  7.3179343754483710E+001
 7.3000000000000007E+000  7.2158300114682660E+001
 7.3500000000000005E+000  7.2131643515863033E+001
 7.4000000000000004E+000  7.3177445721018898E+001
 7.4500000000000002E+000  7.5070055347933035E+001
 7.5000000000000000E+000  7.8189651794262943E+001
 7.5500000000000007E+000  8.2642596980998050E+001
 7.6000000000000005E+000  8.8755843782380424E+001
 7.6500000000000004E+000  9.5201921504359973E+001
 7.7000000000000002E+000  1.0400194828712768E+002
 7.7500000000000000E+000  1.1324369382125842E+002
 7.8000000000000007E+000  1.2170848645587890E+002
 7.8500000000000005E+000  1.2751545199039177E+002
 7.9000000000000004E+000  1.3181921837117957E+002
 7.9500000000000002E+000  1.3473377102424379E+002
 8.0000000000000000E+000  1.3771580556776215E+002
 8.0500000000000007E+000  1.4043668582667880E+002
 8.0999999999999996E+000  1.4419782154719564E+002
 8.1500000000000004E+000  1.4690568067960646E+002
 8.2000000000000011E+000  1.4869624982671215E+002
 8.2500000000000000E+000  1.4791934471153021E+002
 8.3000000000000007E+000  1.4459579084565456E+002
 8.3499999999999996E+000  1.4000207156086461E+002
 8.4000000000000004E+000  1.3761018340082961E+002
 8.4500000000000011E+000  1.3518723012964855E+002
 8.5000000000000000E+000  1.3237694447811180E+002
 8.5500000000000007E+000  1.3048061614895619E+002
 8.5999999999999996E+000  1.2855867021562173E+002
 8.6500000000000004E+000  1.2709756521727930E+002
 8.7000000000000011E+000  1.2351582144879563E+002
 8.7500000000000000E+000  1.1813921290338982E+002
 8.8000000000000007E+000  1.1258928201705614E+002
 8.8499999999999996E+000  1.0685065095039272E+002
 8.9000000000000004E+000  1.0358257268667384E+002
 8.9500000000000011E+000  1.0160014761475610E+002
 9.0000000000000000E+000  1.0067135357257129E+002
 9.0500000000000007E+000  9.9370682251066825E+001
 9.0999999999999996E+000  9.7117262042826411E+001
 9.1500000000000004E+000  9.4547638523411607E+001
 9.2000000000000011E+000  8.9705994575508413E+001
 9.2500000000000000E+000  8.5540527432805689E+001
 9.3000000000000007E+000  8.1992662173486053E+001
 9.3499999999999996E+000  7.9264154364020470E+001
 9.4000000000000004E+000  7.7682666224495080E+001
 9.4500000000000011E+000  7.6462985900875296E+001
 9.5000000000000000E+000  7.5814487178409109E+001
 9.5500000000000007E+000  7.4655618468586539E+001
 9.6000000000000014E+000  7.3052758878883921E+001
 9.6500000000000004E+000  7.2321995234573322E+001
 9.7000000000000011E+000  7.1098689419421049E+001
 9.7500000000000000E+000  7.0102038791456565E+001
 9.8000000000000007E+000  6.9163475092873611E+001
 9.8500000000000014E+000  6.7460521385528281E+001
 9.9000000000000004E+000  6.5247041870886832E+001
 9.9500000000000011E+000  6.3359558423557431E+001
 1.0000000000000000E+001  6.2157734225929538E+001
 1.0050000000000001E+001  6.1159689130255138E+001
 1.0100000000000001E+001  6.1351761607884114E+001
 1.0150000000000000E+001  6.1009123126037693E+001
 1.0200000000000001E+001  6.0820706703069256E+001
 1.0250000000000000E+001  6.1116800139443995E+001
 1.0300000000000001E+001  6.1577486297784816E+001
 1.0350000000000001E+001  6.1542046050640494E+001
 1.0400000000000000E+001  6.2749579395264099E+001
 1.0450000000000001E+001  6.3405006165044860E+001
 1.0500000000000000E+001  6.4754043563198621E+001
 1.0550000000000001E+001  6.5686956075478108E+001
 1.0600000000000001E+001  6.7534564568957506E+001
 1.0650000000000000E+001  6.9963117824954779E+001
 1.0700000000000001E+001  7.1577356039367515E+001
 1.0750000000000000E+001  7.2991253880270406E+001
 1.0800000000000001E+001  7.4861236520616586E+001
 1.0850000000000001E+001  7.7757224164104016E+001
 1.0900000000000000E+001  8.1194438421128751E+001
 1.0950000000000001E+001  8.4854461269564936E+001
 1.1000000000000000E+001  8.8449755056365987E+001
 1.1050000000000001E+001  9.0721658493773049E+001
 1.1100000000000001E+001  9.2546686204564281E+001
 1.1150000000000000E+001  9.2029401394732915E+001
 1.1200000000000001E+001  8.9425673670261958E+001
 1.1250000000000000E+001  8.6456271663733403E+001
 1.1300000000000001E+001  8.4231835659344640E+001
 1.1350000000000001E+001  8.3705838239305578E+001
 1.1400000000000000E+001  8.4383227203407870E+001
 1.1450000000000001E+001  8.4796370417907553E+001
 1.1500000000000000E+001  8.6174726471741906E+001
 1.1550000000000001E+001  8.6185640896643037E+001
 1.1600000000000001E+001  8.4971967125268918E+001
 1.1650000000000000E+001  8.2493473466371043E+001
 1.1700000000000001E+001  8.0395963434418050E+001
 1.1750000000000000E+001  7.8835159766888296E+001
 1.1800000000000001E+001  7.7886481465230545E+001
 1.1850000000000001E+001  7.8028240074917065E+001
 1.1900000000000000E+001  7.8100134650405053E+001
 1.1950000000000001E+001  7.9808200523166363E+001
 1.2000000000000000E+001  8.3290609347536460E+001
 1.2050000000000001E+001  8.6928450490304087E+001
 1.2100000000000001E+001  8.9492746734860660E+001
 1.2150000000000000E+001  9.1689270776830583E+001
 1.2200000000000001E+001  9.1936697104855384E+001
 1.2250000000000000E+001  9.1207942827733945E+001
 1.2300000000000001E+001  9.0603290516482545E+001
 1.2350000000000001E+001  8.9830552639416325E+001
 1.2400000000000000E+001  8.7460779341328390E+001
 1.2450000000000001E+001  8.3631379845941794E+001
 1.2500000000000000E+001  8.0777187539471655E+001
 1.2550000000000001E+001  7.8807664564549015E+001
 1.2600000000000001E+001  7.7851156481866099E+001
 1.2650000000000000E+001  7.7947279430475604E+001
 1.2700000000000001E+001  7.7941389501200675E+001
 1.2750000000000000E+001  7.8498022815038368E+001
 1.2800000000000001E+001  7.9200512581788487E+001
 1.2850000000000001E+001  7.9751045993772991E+001
 1.2900000000000000E+001  8.0278643968263609E+001
 1.2950000000000001E+001  8.0438299733869201E+001
 1.3000000000000000E+001  7.9026298888524963E+001
 1.3050000000000001E+001  7.7856456102355793E+001
 1.3100000000000001E+001  7.6338407821018905E+001
 1.3150000000000000E+001  7.4424889827372127E+001
 1.3200000000000001E+001  7.2494793506093274E+001
 1.3250000000000000E+001  7.1318746885500246E+001
 1.3300000000000001E+001  7.0664151461460079E+001
 1.3350000000000001E+001  7.0709215016074126E+001
 1.3400000000000000E+001  7.1356931178820417E+001
 1.3450000000000001E+001  7.0995617260570754E+001
 1.3500000000000000E+001  7.0121634204428773E+001
 1.3550000000000001E+001  7.0321685426540810E+001
 1.3600000000000001E+001  7.0999053969807989E+001
 1.3650000000000000E+001  7.1400736379533171E+001
 1.3700000000000001E+001  7.1127428203563724E+001
 1.3750000000000000E+001  7.0504221158526335E+001
 1.3800000000000001E+001  6.9091819917477451E+001
 1.3850000000000001E+001  6.7784034514696017E+001
 1.3900000000000000E+001  6.7295678531114461E+001
 1.3950000000000001E+001  6.7168876864835710E+001
 1.4000000000000000E+001  6.8034118534721259E+001
 1.4050000000000001E+001  6.8619118341413255E+001
 1.4100000000000001E+001  7.0061402296737143E+001
 1.4150000000000000E+001  7.0739164173580960E+001
 1.4200000000000001E+001  7.1537160917548462E+001
 1.4250000000000000E+001  7.1247532006877890E+001
 1.4300000000000001E+001  7.0316753374950679E+001
 1.4350000000000001E+001  6.9142392518344408E+001
 1.4400000000000000E+001  6.8485425536469009E+001
 1.4450000000000001E+001  6.7685925100412362E+001
 1.4500000000000000E+001  6.7052754932657905E+001
 1.4550000000000001E+001  6.6891806777909736E+001
 1.4600000000000001E+001  6.6638235233255372E+001
 1.4650000000000000E+001  6.6279900905352690E+001
 1.4700000000000001E+001  6.5598953194198245E+001
 1.4750000000000000E+001  6.4719387047838140E+001
 1.4800000000000001E+001  6.4766046807836872E+001
 1.4850000000000001E+001  6.4471452250303130E+001
 1.4900000000000000E+001  6.4365741743630025E+001
 1.4950000000000001E+001  6.4030215585605845E+001
 1.5000000000000000E+001  6.4160062501682532E+001
 1.5050000000000001E+001  6.4135926509229847E+001
 1.5100000000000001E+001  6.4871770093744900E+001
 1.5150000000000000E+001  6.5066191810776729E+001
 1.5200000000000001E+001  6.4784736880686353E+001
 1.5250000000000000E+001  6.4326070140681750E+001
 1.5300000000000001E+001  6.3747510997218832E+001
 1.5350000000000001E+001  6.3175402911461084E+001
 1.5400000000000000E+001  6.2598243048150060E+001
 1.5450000000000001E+001  6.2478202893832197E+001
 1.5500000000000000E+001  6.2566840746269278E+001
 1.5550000000000001E+001  6.2648632111444073E+001
 1.5600000000000001E+001  6.2688338527610206E+001
 1.5650000000000000E+001  6.2856403989010346E+001
 1.5700000000000001E+001  6.2848260825812169E+001
 1.5750000000000000E+001  6.2349977286752846E+001
 1.5800000000000001E+001  6.2269901677536154E+001
 1.5850000000000001E+001  6.2120856118080276E+001
 1.5900000000000000E+001  6.1536305766339076E+001
 1.5950000000000001E+001  6.1050366562094858E+001
 1.6000000000000000E+001  6.0728399887436780E+001
 1.6050000000000001E+001  6.0420933463851782E+001
 1.6100000000000001E+001  6.0583084293778008E+001
 1.6150000000000002E+001  6.0697828719652939E+001
 1.6199999999999999E+001  6.1061797155240626E+001
 1.6250000000000000E+001  6.1315458355081468E+001
 1.6300000000000001E+001  6.1446894929433817E+001
 1.6350000000000001E+001  6.1702934217139720E+001
 1.6400000000000002E+001  6.1704293264833709E+001
 1.6449999999999999E+001  6.1267452516728753E+001
 1.6500000000000000E+001  6.1283797505902982E+001
 1.6550000000000001E+001  6.1328129972700765E+001
 1.6600000000000001E+001  6.1771374844370065E+001
 1.6650000000000002E+001  6.2374132571256503E+001
 1.6699999999999999E+001  6.3018036656804043E+001
 1.6750000000000000E+001  6.4111065886182828E+001
 1.6800000000000001E+001  6.4853636636601962E+001
 1.6850000000000001E+001  6.5262816249699497E+001
 1.6900000000000002E+001  6.5709420757011614E+001
 1.6949999999999999E+001  6.6088681633304802E+001
 1.7000000000000000E+001  6.5881165591921103E+001
 1.7050000000000001E+001  6.5154087903223186E+001
 1.7100000000000001E+001  6.4565249683064167E+001
 1.7150000000000002E+001  6.4483866068585272E+001
 1.7199999999999999E+001  6.4750118479484229E+001
 1.7250000000000000E+001  6.5141647623170783E+001
 1.7300000000000001E+001  6.5446629162198548E+001
 1.7350000000000001E+001  6.5626227174008292E+001
 1.7400000000000002E+001  6.6931682022627157E+001
 1.7449999999999999E+001  6.7414206468672546E+001
 1.7500000000000000E+001  6.7806103298010754E+001
 1.7550000000000001E+001  6.8239546499793320E+001
 1.7600000000000001E+001  6.7693574032673624E+001
 1.7650000000000002E+001  6.7631368466070100E+001
 1.7699999999999999E+001  6.8248752697843898E+001
 1.7750000000000000E+001  6.8443458622629791E+001
 1.7800000000000001E+001  6.8082801536467997E+001
 1.7850000000000001E+001  6.8381591158288302E+001
 1.7900000000000002E+001  6.8284336247741436E+001
 1.7949999999999999E+001  6.8863136167419526E+001
 1.8000000000000000E+001  6.9110708429472197E+001
 1.8050000000000001E+001  6.9137883629620148E+001
 1.8100000000000001E+001  6.9065632263959358E+001
 1.8150000000000002E+001  6.8677780832210871E+001
 1.8199999999999999E+001  6.8191997466176304E+001
 1.8250000000000000E+001  6.7282217816951643E+001
 1.8300000000000001E+001  6.7581881567438344E+001
 1.8350000000000001E+001  6.8142183280752363E+001
 1.8400000000000002E+001  6.8427177545554386E+001
 1.8449999999999999E+001  6.8591474210112125E+001
 1.8500000000000000E+001  6.8693619229006273E+001
 1.8550000000000001E+001  6.8466450078920047E+001
 1.8600000000000001E+001  6.8352639330509376E+001
 1.8650000000000002E+001  6.9238333137545823E+001
 1.8699999999999999E+001  6.9681270096682411E+001
 1.8750000000000000E+001  6.9965739939387220E+001
 1.8800000000000001E+001  7.0212886735538333E+001
 1.8850000000000001E+001  7.0254862290994879E+001
 1.8900000000000002E+001  6.9816376607785955E+001
 1.8949999999999999E+001  6.9470784422419371E+001
 1.9000000000000000E+001  6.8969741583465790E+001
 1.9050000000000001E+001  6.8720771645556837E+001
 1.9100000000000001E+001  6.8647056014235119E+001
 1.9150000000000002E+001  6.8422912129070895E+001
 1.9200000000000003E+001  6.8118532380155671E+001
 1.9250000000000000E+001  6.7851043792854597E+001
 1.9300000000000001E+001  6.7360396624399741E+001
 1.9350000000000001E+001  6.7681474192621508E+001
 1.9400000000000002E+001  6.7645874299265103E+001
 1.9450000000000003E+001  6.7604975190120967E+001
 1.9500000000000000E+001  6.7693978469603834E+001
 1.9550000000000001E+001  6.7668189771003313E+001
 1.9600000000000001E+001  6.7708607779497939E+001
 1.9650000000000002E+001  6.7746340762310282E+001
 1.9700000000000003E+001  6.7655079231871227E+001
 1.9750000000000000E+001  6.7513025929228448E+001
 1.9800000000000001E+001  6.7404194635271921E+001
 1.9850000000000001E+001  6.7199340847001110E+001
 1.9900000000000002E+001  6.7241544006329747E+001
 1.9950000000000003E+001  6.7623441123848664E+001
 2.0000000000000000E+001  6.7548507117186944E+001
 2.0050000000000001E+001  6.7507185653659278E+001
 2.0100000000000001E+001  6.6778260000854289E+001
 2.0150000000000002E+001  6.6298229922121067E+001
 2.0200000000000003E+001  6.5767394330949244E+001
 2.0250000000000000E+001  6.5952973131288289E+001
 2.0300000000000001E+001  6.6323465962481052E+001
 2.0350000000000001E+001  6.6436026843096300E+001
 2.0400000000000002E+001  6.6508785415616586E+001
 2.0450000000000003E+001  6.6068425359051105E+001
 2.0500000000000000E+001  6.5675632565632029E+001
 2.0550000000000001E+001  6.5502998605559455E+001
 2.0600000000000001E+001  6.5549040200927308E+001
 2.0650000000000002E+001  6.5656928922184619E+001
 2.0700000000000003E+001  6.5728285970757071E+001
 2.0750000000000000E+001  6.5845186864937588E+001
 2.0800000000000001E+001  6.5979588767903309E+001
 2.0850000000000001E+001  6.6435603209632475E+001
 2.0900000000000002E+001  6.6899696854192058E+001
 2.0950000000000003E+001  6.7155830146570821E+001
 2.1000000000000000E+001  6.7775658650381999E+001
 2.1050000000000001E+001  6.7723321269507366E+001
 2.1100000000000001E+001  6.7618860115157645E+001
 2.1150000000000002E+001  6.7805719890941504E+001
 2.1200000000000003E+001  6.8627934297022691E+001
 2.1250000000000000E+001  6.9281715290344408E+001
 2.1300000000000001E+001  6.9552396883965059E+001
 2.1350000000000001E+001  6.9737145496372847E+001
 2.1400000000000002E+001  6.9826735724362209E+001
 2.1450000000000003E+001  6.9931864981437229E+001
 2.1500000000000000E+001  7.0102052036293202E+001
 2.1550000000000001E+001  6.9665897446788250E+001
 2.1600000000000001E+001  6.9867348901816925E+001
 2.1650000000000002E+001  6.9265521035766511E+001
 2.1700000000000003E+001  6.8923998811087145E+001
 2.1750000000000000E+001  6.8618749137089836E+001
 2.1800000000000001E+001  6.8171078306299776E+001
 2.1850000000000001E+001  6.7776943459955561E+001
 2.1900000000000002E+001  6.7286650227401637E+001
 2.1950000000000003E+001  6.7582408933715385E+001
 2.2000000000000000E+001  6.7833478602606974E+001
 2.2050000000000001E+001  6.7970453219435484E+001
 2.2100000000000001E+001  6.7585589131809868E+001
 2.2150000000000002E+001  6.7314048296992411E+001
 2.2200000000000003E+001  6.7139917859659278E+001
 2.2250000000000000E+001  6.6607227400583298E+001
 2.2300000000000001E+001  6.6105978532624917E+001
 2.2350000000000001E+001  6.5346448143594188E+001
 2.2400000000000002E+001  6.4969127626636777E+001
 2.2450000000000003E+001  6.5366741034103498E+001
 2.2500000000000000E+001  6.5027867179064330E+001
 2.2550000000000001E+001  6.4597886360640615E+001
 2.2600000000000001E+001  6.4255961228365578E+001
 2.2650000000000002E+001  6.4113955349433681E+001
 2.2700000000000003E+001  6.3928963166247449E+001
 2.2750000000000000E+001  6.3583003108579462E+001
 2.2800000000000001E+001  6.2671919260460953E+001
 2.2850000000000001E+001  6.2634833260607472E+001
 2.2900000000000002E+001  6.2682655736705307E+001
 2.2950000000000003E+001  6.2354303847453473E+001
 2.3000000000000000E+001  6.2188959327949341E+001
 2.3050000000000001E+001  6.1863408464897688E+001
 2.3100000000000001E+001  6.1886610423322189E+001
 2.3150000000000002E+001  6.1697064040602207E+001
 2.3200000000000003E+001  6.0972729182759814E+001
 2.3250000000000000E+001  6.0594296005032746E+001
 2.3300000000000001E+001  5.9922409073890144E+001
 2.3350000000000001E+001  5.9559457172656231E+001
 2.3400000000000002E+001  5.9223387226581508E+001
 2.3450000000000003E+001  5.9367447322784152E+001
 2.3500000000000000E+001  5.8946047475780340E+001
 2.3550000000000001E+001  5.8746256851990836E+001
 2.3600000000000001E+001  5.8399512104515246E+001
 2.3650000000000002E+001  5.8274589244873688E+001
 2.3700000000000003E+001  5.7923017619493343E+001
 2.3750000000000000E+001  5.7669591670210359E+001
 2.3800000000000001E+001  5.7326540994786200E+001
 2.3850000000000001E+001  5.7646739432920967E+001
 2.3900000000000002E+001  5.7286518416589438E+001
 2.3950000000000003E+001  5.6621929724413540E+001
 2.4000000000000000E+001  5.6219767998273980E+001
 2.4050000000000001E+001  5.5836031120937925E+001
 2.4100000000000001E+001  5.5664231943754999E+001
 2.4150000000000002E+001  5.5745363532253968E+001
 2.4200000000000003E+001  5.5450536354365276E+001
 2.4250000000000000E+001  5.5494981773056544E+001
 2.4300000000000001E+001  5.5402247481811429E+001
 2.4350000000000001E+001  5.5299932874948745E+001
 2.4400000000000002E+001  5.5180799679033186E+001
 2.4450000000000003E+001  5.5129736534057223E+001
 2.4500000000000000E+001  5.4577357490513322E+001
 2.4550000000000001E+001  5.4425990686138192E+001
 2.4600000000000001E+001  5.4437714507077374E+001
 2.4650000000000002E+001  5.4305171459455465E+001
 2.4700000000000003E+001  5.4182242967180805E+001
 2.4750000000000000E+001  5.3725806211257279E+001
 2.4800000000000001E+001  5.3496606702383112E+001
 2.4850000000000001E+001  5.3088105311647752E+001
 2.4900000000000002E+001  5.2907386492279329E+001
 2.4950000000000003E+001  5.2541184133271990E+001
 2.5000000000000000E+001  5.2313228175688977E+001
 2.5050000000000001E+001  5.2237811009821201E+001
 2.5100000000000001E+001  5.2023181466677315E+001
 2.5150000000000002E+001  5.1910309720872611E+001
 2.5200000000000003E+001  5.1747971025321888E+001
 2.5250000000000000E+001  5.1569969876754605E+001
 2.5300000000000001E+001  5.0597996679477461E+001
 2.5350000000000001E+001  5.0505862854031896E+001
 2.5400000000000002E+001  5.0205172959299688E+001
 2.5450000000000003E+001  4.9736850652132546E+001
 2.5500000000000000E+001  4.9790950034026174E+001
 2.5550000000000001E+001  5.0123244882394715E+001
 2.5600000000000001E+001  5.0070151271290783E+001
 2.5650000000000002E+001  5.0067193578084236E+001
 2.5700000000000003E+001  5.0072847336832403E+001
 2.5750000000000000E+001  4.9910158535505886E+001
 2.5800000000000001E+001  4.9832818332803647E+001
 2.5850000000000001E+001  4.9259868592455994E+001
 2.5900000000000002E+001  4.8793970573596816E+001
 2.5950000000000003E+001  4.8811420047950136E+001
 2.6000000000000000E+001  4.8898680119063954E+001
 2.6050000000000001E+001  4.8863255344676830E+001
 2.6100000000000001E+001  4.8576515876588523E+001
 2.6150000000000002E+001  4.8013871631288794E+001
 2.6200000000000003E+001  4.7988798840875482E+001
 2.6250000000000000E+001  4.7705811081535494E+001
 2.6300000000000001E+001  4.7529008134960982E+001
 2.6350000000000001E+001  4.7567882382376453E+001
 2.6400000000000002E+001  4.7813270062443323E+001
 2.6450000000000003E+001  4.7692403098652264E+001
 2.6500000000000000E+001  4.7321744478583746E+001
 2.6550000000000001E+001  4.6753850780628341E+001
 2.6600000000000001E+001  4.6232120769547215E+001
 2.6650000000000002E+001  4.5710255805845954E+001
 2.6700000000000003E+001  4.5678366672075434E+001
 2.6750000000000000E+001  4.5604628669516948E+001
 2.6800000000000001E+001  4.5775359645875213E+001
 2.6850000000000001E+001  4.5405588341544529E+001
 2.6900000000000002E+001  4.5207329765440626E+001
 2.6950000000000003E+001  4.5213816335996775E+001
 2.7000000000000000E+001  4.5489130717424032E+001
 2.7050000000000001E+001  4.5101818270472954E+001
 2.7100000000000001E+001  4.4879587157496253E+001
 2.7150000000000002E+001  4.4813862980682138E+001
 2.7200000000000003E+001  4.4698203593894789E+001
 2.7250000000000000E+001  4.4349315885008927E+001
 2.7300000000000001E+001  4.4151469833903164E+001
 2.7350000000000001E+001  4.3796079860855905E+001
 2.7400000000000002E+001  4.3571144757372558E+001
 2.7450000000000003E+001  4.3727398375048935E+001
 2.7500000000000000E+001  4.3653735657367875E+001
 2.7550000000000001E+001  4.3127080579668380E+001
 2.7600000000000001E+001  4.2974427933739122E+001
 2.7650000000000002E+001  4.2900424680394359E+001
 2.7700000000000003E+001  4.2936630702558311E+001
 2.7750000000000000E+001  4.2907630289471527E+001
 2.7800000000000001E+001  4.2395597242690620E+001
 2.7850000000000001E+001  4.2152735632977695E+001
 2.7900000000000002E+001  4.1848274764749682E+001
 2.7950000000000003E+001  4.1791167192861877E+001
 2.8000000000000000E+001  4.1752678088330164E+001
 2.8050000000000001E+001  4.1585561133346332E+001
 2.8100000000000001E+001  4.1243174255239907E+001
 2.8150000000000002E+001  4.1302072634753898E+001
 2.8200000000000003E+001  4.1597380166822170E+001
 2.8250000000000000E+001  4.1319371591073775E+001
 2.8300000000000001E+001  4.1127994817311993E+001
 2.8350000000000001E+001  4.1265727924182194E+001
 2.8400000000000002E+001  4.0975916671025075E+001
 2.8450000000000003E+001  4.0464413653736180E+001
 2.8500000000000000E+001  4.0500432087934442E+001
 2.8550000000000001E+001  4.0388315217846149E+001
 2.8600000000000001E+001  4.0665771647325762E+001
 2.8650000000000002E+001  4.0467817574861428E+001
 2.8700000000000003E+001  4.0251389367576159E+001
 2.8750000000000000E+001  4.0137326750250054E+001
 2.8800000000000001E+001  3.9759409336226121E+001
 2.8850000000000001E+001  3.9812028273437832E+001
 2.8900000000000002E+001  4.0287466866207538E+001
 2.8950000000000003E+001  4.0266208494416006E+001
 2.9000000000000000E+001  3.9701358208606003E+001
 2.9050000000000001E+001  3.9432862858872724E+001
 2.9100000000000001E+001  3.9756306229400309E+001
 2.9150000000000002E+001  3.9416418051806254E+001
 2.9200000000000003E+001  3.9001962307775067E+001
 2.9250000000000000E+001  3.9206615588069333E+001
 2.9300000000000001E+001  3.8802472739727207E+001
 2.9350000000000001E+001  3.8691305471759293E+001
 2.9400000000000002E+001  3.8924949642335143E+001
 2.9450000000000003E+001  3.8505123798768707E+001
 2.9500000000000000E+001  3.8507559227957721E+001
 2.9550000000000001E+001  3.8565410882280652E+001
 2.9600000000000001E+001  3.8588126798927156E+001
 2.9650000000000002E+001  3.8817310134416182E+001
 2.9700000000000003E+001  3.8454394081849237E+001
 2.9750000000000000E+001  3.8386877008447080E+001
 2.9800000000000001E+001  3.8699448908654048E+001
 2.9850000000000001E+001  3.8537417696941091E+001
 2.9900000000000002E+001  3.8524979478217190E+001
 2.9950000000000003E+001  3.8512059600204417E+001
 3.0000000000000000E+001  3.8701998016762666E+001
 3.0050000000000001E+001  3.8561324879586316E+001
 3.0100000000000001E+001  3.8695774826885241E+001
 3.0150000000000002E+001  3.8253288930664311E+001
 3.0200000000000003E+001  3.8099612308557973E+001
 3.0250000000000000E+001  3.7896216542370155E+001
 3.0300000000000001E+001  3.7945375791498755E+001
 3.0350000000000001E+001  3.8008035095102649E+001
 3.0400000000000002E+001  3.8127338855652937E+001
 3.0450000000000003E+001  3.8061012792606462E+001
 3.0500000000000000E+001  3.7899208060984613E+001
 3.0550000000000001E+001  3.7613136087917951E+001
 3.0600000000000001E+001  3.7438050969202372E+001
 3.0650000000000002E+001  3.7552004091157734E+001
 3.0700000000000003E+001  3.7471097751895442E+001
 3.0750000000000000E+001  3.7454842748365792E+001
 3.0800000000000001E+001  3.7608719643156668E+001
 3.0850000000000001E+001  3.7668003297484915E+001
 3.0900000000000002E+001  3.7823034372703518E+001
 3.0950000000000003E+001  3.8138067928778511E+001
 3.1000000000000000E+001  3.8005317079285113E+001
 3.1050000000000001E+001  3.7781077607842469E+001
 3.1100000000000001E+001  3.8019709974829951E+001
 3.1150000000000002E+001  3.8500492114384905E+001
 3.1200000000000003E+001  3.8716684017227209E+001
 3.1250000000000000E+001  3.8350799938141314E+001
 3.1300000000000001E+001  3.8239180638782152E+001
 3.1350000000000001E+001  3.8207045728429392E+001
 3.1400000000000002E+001  3.8477597970658323E+001
 3.1450000000000003E+001  3.8410648213034641E+001
 3.1500000000000000E+001  3.8583902137208156E+001
 3.1550000000000001E+001  3.8675040430561616E+001
 3.1600000000000001E+001  3.8889123436955316E+001
 3.1650000000000002E+001  3.8846220325668945E+001
 3.1700000000000003E+001  3.8751724832942429E+001
 3.1750000000000000E+001  3.9132599160631969E+001
 3.1800000000000001E+001  3.8792824611546777E+001
 3.1850000000000001E+001  3.8692918561874428E+001
 3.1900000000000002E+001  3.8644847530569351E+001
 3.1950000000000003E+001  3.8772697331054751E+001
 3.2000000000000000E+001  3.8929385038096513E+001
 3.2050000000000004E+001  3.9154995224243237E+001
 3.2100000000000001E+001  3.9401242021674896E+001
 3.2149999999999999E+001  3.9953291393168762E+001
 3.2200000000000003E+001  3.9784353793988039E+001
 3.2250000000000000E+001  3.9882219564897497E+001
 3.2300000000000004E+001  3.9641146073909212E+001
 3.2350000000000001E+001  3.9780691862050411E+001
 3.2399999999999999E+001  3.9871707534504964E+001
 3.2450000000000003E+001  4.0165091803369251E+001
 3.2500000000000000E+001  4.0027990392516024E+001
 3.2550000000000004E+001  3.9989820011827888E+001
 3.2600000000000001E+001  4.0266450101574918E+001
 3.2649999999999999E+001  4.0217813729564931E+001
 3.2700000000000003E+001  4.0144701099914535E+001
 3.2750000000000000E+001  4.0146346041788199E+001
 3.2800000000000004E+001  3.9775497778752033E+001
 3.2850000000000001E+001  3.9896189717082706E+001
 3.2899999999999999E+001  4.0187597550913964E+001
 3.2950000000000003E+001  4.0368711248830465E+001
 3.3000000000000000E+001  4.0531425821247176E+001
 3.3050000000000004E+001  4.0140315844640988E+001
 3.3100000000000001E+001  3.9559493357951247E+001
 3.3149999999999999E+001  3.9519207235305636E+001
 3.3200000000000003E+001  3.9783192453603981E+001
 3.3250000000000000E+001  3.9481496867283084E+001
 3.3300000000000004E+001  3.9320915344639118E+001
 3.3350000000000001E+001  3.9556546222256756E+001
 3.3399999999999999E+001  3.9819012645061783E+001
 3.3450000000000003E+001  3.9753748820972881E+001
 3.3500000000000000E+001  3.9499059348473473E+001
 3.3550000000000004E+001  3.9381703818783571E+001
 3.3600000000000001E+001  3.9375891441664614E+001
 3.3649999999999999E+001  3.9106249779485964E+001
 3.3700000000000003E+001  3.8675620138177500E+001
 3.3750000000000000E+001  3.8858710848137200E+001
 3.3800000000000004E+001  3.8880303467461594E+001
 3.3850000000000001E+001  3.8709529530754196E+001
 3.3899999999999999E+001  3.8885239822746215E+001
 3.3950000000000003E+001  3.8816671963426778E+001
 3.4000000000000000E+001  3.8457702318075221E+001
 3.4050000000000004E+001  3.8132937321483411E+001
 3.4100000000000001E+001  3.8362175878705173E+001
 3.4149999999999999E+001  3.8335990242289931E+001
 3.4200000000000003E+001  3.8421228924557198E+001
 3.4250000000000000E+001  3.7652105662188731E+001
 3.4300000000000004E+001  3.7924721075353958E+001
 3.4350000000000001E+001  3.7800492286027492E+001
 3.4399999999999999E+001  3.7753186966078601E+001
 3.4450000000000003E+001  3.7484752769330690E+001
 3.4500000000000000E+001  3.8019958244607579E+001
 3.4550000000000004E+001  3.7696961882712650E+001
 3.4600000000000001E+001  3.8123927595396012E+001
 3.4649999999999999E+001  3.7926321136936949E+001
 3.4700000000000003E+001  3.8007548253837484E+001
 3.4750000000000000E+001  3.7799694425777481E+001
 3.4800000000000004E+001  3.8221283948189694E+001
 3.4850000000000001E+001  3.8397509728523751E+001
 3.4899999999999999E+001  3.8171023448919968E+001
 3.4950000000000003E+001  3.7753916645018485E+001
 3.5000000000000000E+001  3.8236541021707176E+001
 3.5050000000000004E+001  3.8018971917295133E+001
 3.5100000000000001E+001  3.7848308361190327E+001
 3.5149999999999999E+001  3.7566916605751175E+001
 3.5200000000000003E+001  3.7428118287657561E+001
 3.5250000000000000E+001  3.7154869011170199E+001
 3.5300000000000004E+001  3.6701062307730041E+001
 3.5350000000000001E+001  3.7101182979090630E+001
 3.5399999999999999E+001  3.6993308448661878E+001
 3.5450000000000003E+001  3.7306269216656354E+001
 3.5500000000000000E+001  3.6766460922691202E+001
 3.5550000000000004E+001  3.6735067374424546E+001
 3.5600000000000001E+001  3.6905023823531003E+001
 3.5649999999999999E+001  3.6690251150417524E+001
 3.5700000000000003E+001  3.6434924970647238E+001
 3.5750000000000000E+001  3.6479735830782978E+001
 3.5800000000000004E+001  3.6500239917469202E+001
 3.5850000000000001E+001  3.6672931587990760E+001
 3.5899999999999999E+001  3.5963445949537331E+001
 3.5950000000000003E+001  3.6229331014015948E+001
 3.6000000000000000E+001  3.6454403918774084E+001
 3.6050000000000004E+001  3.6578416097297520E+001
 3.6100000000000001E+001  3.6280357875673289E+001
 3.6149999999999999E+001  3.5939395210668451E+001
 3.6200000000000003E+001  3.6015922409732816E+001
 3.6250000000000000E+001  3.5800607293307507E+001
 3.6300000000000004E+001  3.5861056493187235E+001
 3.6350000000000001E+001  3.6257833949646091E+001
 3.6399999999999999E+001  3.5782110526258165E+001
 3.6450000000000003E+001  3.5550570712577446E+001
 3.6500000000000000E+001  3.5517836312746489E+001
 3.6550000000000004E+001  3.5646678837638333E+001
 3.6600000000000001E+001  3.5675578819292269E+001
 3.6649999999999999E+001  3.5895171448215685E+001
 3.6700000000000003E+001  3.5623824295945766E+001
 3.6750000000000000E+001  3.5414409567258225E+001
 3.6800000000000004E+001  3.5555782395029460E+001
 3.6850000000000001E+001  3.5567767455561210E+001
 3.6899999999999999E+001  3.5487908906187734E+001
 3.6950000000000003E+001  3.4971922654242249E+001
 3.7000000000000000E+001  3.4702718846978478E+001
 3.7050000000000004E+001  3.4512342287138559E+001
 3.7100000000000001E+001  3.4278866060248568E+001
 3.7149999999999999E+001  3.4580160212884650E+001
 3.7200000000000003E+001  3.5297103890785152E+001
 3.7250000000000000E+001  3.5438374392940652E+001
 3.7300000000000004E+001  3.5026523752078987E+001
 3.7350000000000001E+001  3.4620544295806461E+001
 3.7399999999999999E+001  3.3819374161165868E+001
 3.7450000000000003E+001  3.4295644356439439E+001
 3.7500000000000000E+001  3.4486995929504353E+001
 3.7550000000000004E+001  3.4084564020858139E+001
 3.7600000000000001E+001  3.4177767120555124E+001
 3.7649999999999999E+001  3.3771711545008024E+001
 3.7700000000000003E+001  3.3614635421139091E+001
 3.7750000000000000E+001  3.4155296045441276E+001
 3.7800000000000004E+001  3.3928568995948787E+001
 3.7850000000000001E+001  3.4664877366691201E+001
 3.7899999999999999E+001  3.4708190721739442E+001
 3.7950000000000003E+001  3.3933859056609741E+001
 3.8000000000000000E+001  3.3913274052145333E+001
 3.8050000000000004E+001  3.3177488458387131E+001
 3.8100000000000001E+001  3.2962271730735949E+001
 3.8149999999999999E+001  3.3222452907038885E+001
 3.8200000000000003E+001  3.3258415603068784E+001
 3.8250000000000000E+001  3.2844633475888415E+001
 3.8300000000000004E+001  3.3599144243039945E+001
 3.8350000000000001E+001  3.3641111564707053E+001
 3.8400000000000006E+001  3.3227938421614127E+001
 3.8450000000000003E+001  3.3235554493567030E+001
 3.8500000000000000E+001  3.2378884524998341E+001
 3.8550000000000004E+001  3.2751297409506904E+001
 3.8600000000000001E+001  3.2704253762839755E+001
 3.8650000000000006E+001  3.2296516071997111E+001
 3.8700000000000003E+001  3.2059115134460455E+001
 3.8750000000000000E+001  3.2554196439845818E+001
 3.8800000000000004E+001  3.2295242222830574E+001
 3.8850000000000001E+001  3.2043839400956706E+001
 3.8900000000000006E+001  3.2146854763616389E+001
 3.8950000000000003E+001  3.2471114922563231E+001
 3.9000000000000000E+001  3.2906808556768127E+001
 3.9050000000000004E+001  3.2877021326860600E+001
 3.9100000000000001E+001  3.2246223269251495E+001
 3.9150000000000006E+001  3.2775888728299741E+001
 3.9200000000000003E+001  3.1748771905620465E+001
 3.9250000000000000E+001  3.1104493679240505E+001
 3.9300000000000004E+001  3.0684980545755611E+001
 3.9350000000000001E+001  3.0958981137250440E+001
 3.9400000000000006E+001  3.1504087855389034E+001
 3.9450000000000003E+001  3.1868689267149445E+001
 3.9500000000000000E+001  3.1647263530373230E+001
 3.9550000000000004E+001  3.0591205337658252E+001
 3.9600000000000001E+001  3.1370389940332537E+001
 3.9650000000000006E+001  3.1723994363381539E+001
 3.9700000000000003E+001  3.0938003875326935E+001
 3.9750000000000000E+001  2.9404257641443770E+001
 3.9800000000000004E+001  3.0811149890157910E+001
 3.9850000000000001E+001  3.1117151414859087E+001
 3.9900000000000006E+001  3.0917749334166455E+001
 3.9950000000000003E+001  3.0188656449283517E+001
 4.0000000000000000E+001  2.9934575433709167E+001
 4.0050000000000004E+001  3.1076479872683343E+001
 4.0100000000000001E+001  3.1301709940103887E+001
 4.0150000000000006E+001  3.1225537386057255E+001
 4.0200000000000003E+001  3.0329474485621880E+001
 4.0250000000000000E+001  2.9958151346143733E+001
 4.0300000000000004E+001  2.9711117102350229E+001
 4.0350000000000001E+001  3.0287428083738273E+001
 4.0400000000000006E+001  3.0748025816850820E+001
 4.0450000000000003E+001  2.9763710706168762E+001
 4.0500000000000000E+001  3.0806055467396298E+001
 4.0550000000000004E+001  3.1110046598876281E+001
 4.0600000000000001E+001  3.0611133625090034E+001
 4.0650000000000006E+001  3.2074979606832521E+001
 4.0700000000000003E+001  3.2538996141940615E+001
 4.0750000000000000E+001  3.0905271748231019E+001
 4.0800000000000004E+001  3.3742909070740133E+001
 4.0850000000000001E+001  3.3149558470993270E+001
 4.0900000000000006E+001  2.9883300953824037E+001
 4.0950000000000003E+001  2.9653416432404892E+001
 4.1000000000000000E+001  3.2035356941043887E+001
 4.1050000000000004E+001  3.3202349246096333E+001
 4.1100000000000001E+001  3.2754216741921731E+001
 4.1150000000000006E+001  3.2756471049122020E+001
 4.1200000000000003E+001  3.9816656829713324E+001
 4.1250000000000000E+001  4.2323560594120408E+001
