 2.4000000000000004E+000  1.0761788173098791E+001
 2.4500000000000002E+000  1.1842693904748623E+001
 2.5000000000000000E+000  1.4208494353230773E+001
 2.5500000000000003E+000  1.7242487149663425E+001
 2.6000000000000001E+000  1.7870765290052912E+001
 2.6500000000000004E+000  1.8687943196731201E+001
 2.7000000000000002E+000  2.0500397019698720E+001
 2.7500000000000000E+000  2.5766465653708533E+001
 2.8000000000000003E+000  4.2245124065754176E+001
 2.8500000000000001E+000  9.4841840995398499E+001
 2.9000000000000004E+000  1.9637849048475545E+002
 2.9500000000000002E+000  3.3492764937171512E+002
 3.0000000000000000E+000  4.6546151112423217E+002
 3.0500000000000003E+000  5.8204280719944938E+002
 3.1000000000000001E+000  6.7876440557611568E+002
 3.1500000000000004E+000  6.8711584098260732E+002
 3.2000000000000002E+000  5.7833865862040216E+002
 3.2500000000000000E+000  4.4811115948415079E+002
 3.3000000000000003E+000  3.7096646244723104E+002
 3.3500000000000001E+000  3.5140487275008212E+002
 3.4000000000000004E+000  3.3244443318166918E+002
 3.4500000000000002E+000  2.9533716704165079E+002
 3.5000000000000000E+000  2.6944192484352527E+002
 3.5500000000000003E+000  2.4950099558182438E+002
 3.6000000000000001E+000  2.2324320925112761E+002
 3.6500000000000004E+000  1.9545427045301969E+002
 3.7000000000000002E+000  1.7563499171059649E+002
 3.7500000000000000E+000  1.5968560501617338E+002
 3.8000000000000003E+000  1.4499564350247155E+002
 3.8500000000000001E+000  1.3091254201701295E+002
 3.9000000000000004E+000  1.2688348439954723E+002
 3.9500000000000002E+000  1.2261648712761036E+002
 4.0000000000000000E+000  1.1504945888377421E+002
 4.0499999999999998E+000  1.0990846117007918E+002
 4.1000000000000005E+000  1.0429590653996316E+002
 4.1500000000000004E+000  9.8569626749226018E+001
 4.2000000000000002E+000  9.1974753431346358E+001
 4.2500000000000000E+000  8.9306672802918271E+001
 4.2999999999999998E+000  8.7293406378141924E+001
 4.3500000000000005E+000  8.4563155714369529E+001
 4.4000000000000004E+000  8.1565712817913266E+001
 4.4500000000000002E+000  7.9410305675544592E+001
 4.5000000000000000E+000  7.6147631417943813E+001
 4.5499999999999998E+000  7.4746181349931788E+001
 4.6000000000000005E+000  7.3424422994790376E+001
 4.6500000000000004E+000  7.2920117185982548E+001
 4.7000000000000002E+000  7.3040064135022917E+001
 4.7500000000000000E+000  7.3603914202876965E+001
 4.8000000000000007E+000  7.3841817459108469E+001
 4.8500000000000005E+000  7.4628048142454276E+001
 4.9000000000000004E+000  7.3844171642489769E+001
 4.9500000000000002E+000  7.1639922425648720E+001
 5.0000000000000000E+000  6.9527959173421792E+001
 5.0500000000000007E+000  6.7304278005255796E+001
 5.1000000000000005E+000  6.7363227408546706E+001
 5.1500000000000004E+000  6.9022278513220840E+001
 5.2000000000000002E+000  7.3086318218045804E+001
 5.2500000000000000E+000  7.8251473088172759E+001
 5.3000000000000007E+000  8.4157971924089722E+001
 5.3500000000000005E+000  8.8440469584872602E+001
 5.4000000000000004E+000  9.0721404702869648E+001
 5.4500000000000002E+000  8.8000639764291535E+001
 5.5000000000000000E+000  8.2052894842299963E+001
 5.5500000000000007E+000  7.5714356030485575E+001
 5.6000000000000005E+000  7.0206150266563796E+001
 5.6500000000000004E+000  6.7160150506200850E+001
 5.7000000000000002E+000  6.5411989920732140E+001
 5.7500000000000000E+000  6.3344634523541409E+001
 5.8000000000000007E+000  6.2089369219462007E+001
 5.8500000000000005E+000  6.1544611430476969E+001
 5.9000000000000004E+000  6.4045894991845515E+001
 5.9500000000000002E+000  7.0247132927975670E+001
 6.0000000000000000E+000  7.8609721801815397E+001
 6.0500000000000007E+000  8.8345453724505703E+001
 6.1000000000000005E+000  9.5575395383689113E+001
 6.1500000000000004E+000  1.0059352898649502E+002
 6.2000000000000002E+000  1.0138622251749244E+002
 6.2500000000000000E+000  9.6908657572059795E+001
 6.3000000000000007E+000  8.9497938646939403E+001
 6.3500000000000005E+000  8.0606049188803127E+001
 6.4000000000000004E+000  7.3111386085880980E+001
 6.4500000000000002E+000  6.9339233514689383E+001
 6.5000000000000000E+000  6.7348190136502453E+001
 6.5500000000000007E+000  6.6610290990911423E+001
 6.6000000000000005E+000  6.7839344488898277E+001
 6.6500000000000004E+000  6.9806184551359550E+001
 6.7000000000000002E+000  7.4023340726330957E+001
 6.7500000000000000E+000  8.0755732635012450E+001
 6.8000000000000007E+000  8.7873594197236201E+001
 6.8500000000000005E+000  9.1049201187447792E+001
 6.9000000000000004E+000  8.9048454873670124E+001
 6.9500000000000002E+000  8.7073392884349303E+001
 7.0000000000000000E+000  8.8277049557619648E+001
 7.0500000000000007E+000  9.0993960383913816E+001
 7.1000000000000005E+000  9.3663739452364425E+001
 7.1500000000000004E+000  9.2942583066000836E+001
 7.2000000000000002E+000  8.8229072602768639E+001
 7.2500000000000000E+000  8.1565989612864840E+001
 7.3000000000000007E+000  7.5616958768339472E+001
 7.3500000000000005E+000  7.2489615677844256E+001
 7.4000000000000004E+000  7.1785047120664146E+001
 7.4500000000000002E+000  7.2642826437973781E+001
 7.5000000000000000E+000  7.4198201481553170E+001
 7.5500000000000007E+000  7.8430665380707850E+001
 7.6000000000000005E+000  8.6493823777668567E+001
 7.6500000000000004E+000  9.8189068717974394E+001
 7.7000000000000002E+000  1.1496792435726400E+002
 7.7500000000000000E+000  1.3422059280077960E+002
 7.8000000000000007E+000  1.4782584560685339E+002
 7.8500000000000005E+000  1.4912177942997485E+002
 7.9000000000000004E+000  1.3872752621710319E+002
 7.9500000000000002E+000  1.2884284663083369E+002
 8.0000000000000000E+000  1.2142840732130593E+002
 8.0500000000000007E+000  1.2007578724795344E+002
 8.0999999999999996E+000  1.2111631994474915E+002
 8.1500000000000004E+000  1.2204494356252535E+002
 8.2000000000000011E+000  1.2114592690496872E+002
 8.2500000000000000E+000  1.1712912841384926E+002
 8.3000000000000007E+000  1.1206425389955115E+002
 8.3499999999999996E+000  1.0670888358608470E+002
 8.4000000000000004E+000  1.0227215165764794E+002
 8.4500000000000011E+000  1.0166799434201270E+002
 8.5000000000000000E+000  1.0580016757429570E+002
 8.5500000000000007E+000  1.1353863210683295E+002
 8.5999999999999996E+000  1.2261113687699964E+002
 8.6500000000000004E+000  1.2834654115401105E+002
 8.7000000000000011E+000  1.2687980652098908E+002
 8.7500000000000000E+000  1.1768851498529921E+002
 8.8000000000000007E+000  1.0432284651492931E+002
 8.8499999999999996E+000  9.3224907794762402E+001
 8.9000000000000004E+000  8.5975817329690784E+001
 8.9500000000000011E+000  8.1491748949407963E+001
 9.0000000000000000E+000  7.9045767345191166E+001
 9.0500000000000007E+000  7.8224723778585755E+001
 9.0999999999999996E+000  7.7892268409307718E+001
 9.1500000000000004E+000  7.8116770221351373E+001
 9.2000000000000011E+000  7.8531024120037699E+001
 9.2500000000000000E+000  7.9708200589508849E+001
 9.3000000000000007E+000  8.0767489279067689E+001
 9.3499999999999996E+000  8.2644862469352589E+001
 9.4000000000000004E+000  8.4874844398144333E+001
 9.4500000000000011E+000  8.7599997248631993E+001
 9.5000000000000000E+000  9.1649959947485215E+001
 9.5500000000000007E+000  9.4223303875465859E+001
 9.6000000000000014E+000  9.6306776863475250E+001
 9.6500000000000004E+000  9.7592142554384651E+001
 9.7000000000000011E+000  9.6443817753346380E+001
 9.7500000000000000E+000  9.3518054019431986E+001
 9.8000000000000007E+000  8.7143815951500500E+001
 9.8500000000000014E+000  7.8158946439992022E+001
 9.9000000000000004E+000  7.1060316989464042E+001
 9.9500000000000011E+000  6.7006924686600286E+001
 1.0000000000000000E+001  6.5502500340391592E+001
 1.0050000000000001E+001  6.5246629896876655E+001
 1.0100000000000001E+001  6.6064251934128819E+001
 1.0150000000000000E+001  6.7687205217662779E+001
 1.0200000000000001E+001  6.9110459554674534E+001
 1.0250000000000000E+001  6.9195367944228565E+001
 1.0300000000000001E+001  6.7718671490917046E+001
 1.0350000000000001E+001  6.4180877697212850E+001
 1.0400000000000000E+001  6.1464751258610896E+001
 1.0450000000000001E+001  6.0743303342338038E+001
 1.0500000000000000E+001  6.1247489074928154E+001
 1.0550000000000001E+001  6.2765633177441593E+001
 1.0600000000000001E+001  6.6229764564235936E+001
 1.0650000000000000E+001  7.0012850278638624E+001
 1.0700000000000001E+001  7.3470683959712119E+001
 1.0750000000000000E+001  7.6135982031418081E+001
 1.0800000000000001E+001  7.9228416921427822E+001
 1.0850000000000001E+001  8.1298030548411162E+001
 1.0900000000000000E+001  8.3026714898898689E+001
 1.0950000000000001E+001  8.3856729009544949E+001
 1.1000000000000000E+001  8.4257307468901814E+001
 1.1050000000000001E+001  8.4377519814269917E+001
 1.1100000000000001E+001  8.5949076564921654E+001
 1.1150000000000000E+001  8.8367587354406595E+001
 1.1200000000000001E+001  8.9008048410501317E+001
 1.1250000000000000E+001  8.7179121516140981E+001
 1.1300000000000001E+001  8.3772369375777458E+001
 1.1350000000000001E+001  8.0713380679754167E+001
 1.1400000000000000E+001  7.8639954317611611E+001
 1.1450000000000001E+001  7.8757642653554768E+001
 1.1500000000000000E+001  8.0187856666389408E+001
 1.1550000000000001E+001  8.1944954329629226E+001
 1.1600000000000001E+001  8.2595602671886013E+001
 1.1650000000000000E+001  8.2597591645622671E+001
 1.1700000000000001E+001  8.4311163430586845E+001
 1.1750000000000000E+001  8.5229107866709484E+001
 1.1800000000000001E+001  8.4476843944926372E+001
 1.1850000000000001E+001  8.3248890706652858E+001
 1.1900000000000000E+001  8.2904901967460034E+001
 1.1950000000000001E+001  8.4786290455437864E+001
 1.2000000000000000E+001  8.6980968988188550E+001
 1.2050000000000001E+001  8.9944140463850047E+001
 1.2100000000000001E+001  9.3126385803949063E+001
 1.2150000000000000E+001  9.5416398084710295E+001
 1.2200000000000001E+001  9.5016001172339628E+001
 1.2250000000000000E+001  9.1714393676664088E+001
 1.2300000000000001E+001  8.7315815615339361E+001
 1.2350000000000001E+001  8.3994917130758552E+001
 1.2400000000000000E+001  8.2447639115341246E+001
 1.2450000000000001E+001  8.0967287187112134E+001
 1.2500000000000000E+001  7.9915107572428212E+001
 1.2550000000000001E+001  7.9211140091597343E+001
 1.2600000000000001E+001  7.8417719066600881E+001
 1.2650000000000000E+001  7.8295775735243140E+001
 1.2700000000000001E+001  7.7174308587715089E+001
 1.2750000000000000E+001  7.6105486284817857E+001
 1.2800000000000001E+001  7.4176903107981374E+001
 1.2850000000000001E+001  7.2547874107695222E+001
 1.2900000000000000E+001  7.1494066874292386E+001
 1.2950000000000001E+001  7.0065059087558112E+001
 1.3000000000000000E+001  6.9043145517329123E+001
 1.3050000000000001E+001  6.8234880545577070E+001
 1.3100000000000001E+001  6.8070806127294560E+001
 1.3150000000000000E+001  6.9236583774951924E+001
 1.3200000000000001E+001  7.1647649409589732E+001
 1.3250000000000000E+001  7.4874187660578713E+001
 1.3300000000000001E+001  7.8391462146784562E+001
 1.3350000000000001E+001  8.1884135594233669E+001
 1.3400000000000000E+001  8.4890206000345543E+001
 1.3450000000000001E+001  8.7771637236808147E+001
 1.3500000000000000E+001  8.8277214421076692E+001
 1.3550000000000001E+001  8.6020193610599492E+001
 1.3600000000000001E+001  8.2897063985676510E+001
 1.3650000000000000E+001  7.9482324944526951E+001
 1.3700000000000001E+001  7.6458385135566985E+001
 1.3750000000000000E+001  7.3497391202834294E+001
 1.3800000000000001E+001  7.1268202929952125E+001
 1.3850000000000001E+001  7.0054971711634792E+001
 1.3900000000000000E+001  6.9990148323394962E+001
 1.3950000000000001E+001  7.1194933339277554E+001
 1.4000000000000000E+001  7.1654924375274817E+001
 1.4050000000000001E+001  7.1324271141865552E+001
 1.4100000000000001E+001  7.0266168297806644E+001
 1.4150000000000000E+001  6.9124462242487994E+001
 1.4200000000000001E+001  6.8021810319703150E+001
 1.4250000000000000E+001  6.6500041795681497E+001
 1.4300000000000001E+001  6.5815456577377219E+001
 1.4350000000000001E+001  6.5309185103034025E+001
 1.4400000000000000E+001  6.4575184426510475E+001
 1.4450000000000001E+001  6.3288473143134091E+001
 1.4500000000000000E+001  6.2303964374522053E+001
 1.4550000000000001E+001  6.0972354129411720E+001
 1.4600000000000001E+001  6.0237807575717348E+001
 1.4650000000000000E+001  5.9763714744978635E+001
 1.4700000000000001E+001  5.9709018929938644E+001
 1.4750000000000000E+001  6.0628075056501963E+001
 1.4800000000000001E+001  6.2082719949970553E+001
 1.4850000000000001E+001  6.2812328467406694E+001
 1.4900000000000000E+001  6.2828922937280886E+001
 1.4950000000000001E+001  6.2774785040428654E+001
 1.5000000000000000E+001  6.1712350332843407E+001
 1.5050000000000001E+001  6.0454391731783211E+001
 1.5100000000000001E+001  5.9680993750864957E+001
 1.5150000000000000E+001  5.9193676978132615E+001
 1.5200000000000001E+001  5.9360329950374336E+001
 1.5250000000000000E+001  6.0008440363258195E+001
 1.5300000000000001E+001  6.0680633191573570E+001
 1.5350000000000001E+001  6.1502558847906315E+001
 1.5400000000000000E+001  6.2469148174280072E+001
 1.5450000000000001E+001  6.2820151602380498E+001
 1.5500000000000000E+001  6.3113227741009709E+001
 1.5550000000000001E+001  6.4121831416233988E+001
 1.5600000000000001E+001  6.4615264389941771E+001
 1.5650000000000000E+001  6.4731873712400301E+001
 1.5700000000000001E+001  6.4002951800656547E+001
 1.5750000000000000E+001  6.3025849537873448E+001
 1.5800000000000001E+001  6.1553912022756698E+001
 1.5850000000000001E+001  6.0993625977183925E+001
 1.5900000000000000E+001  6.1472760462065239E+001
 1.5950000000000001E+001  6.2066867610753732E+001
 1.6000000000000000E+001  6.2062148047865286E+001
 1.6050000000000001E+001  6.2896147293072602E+001
 1.6100000000000001E+001  6.3333630070749379E+001
 1.6150000000000002E+001  6.4665567535697406E+001
 1.6199999999999999E+001  6.6389097940966522E+001
 1.6250000000000000E+001  6.8181636086588824E+001
 1.6300000000000001E+001  6.8660600163243700E+001
 1.6350000000000001E+001  6.8731088459781816E+001
 1.6400000000000002E+001  6.7585967547421674E+001
 1.6449999999999999E+001  6.5964886453938874E+001
 1.6500000000000000E+001  6.4363817250116384E+001
 1.6550000000000001E+001  6.2463203906234021E+001
 1.6600000000000001E+001  6.1200794237300322E+001
 1.6650000000000002E+001  6.0453390118196936E+001
 1.6699999999999999E+001  6.0603898011178877E+001
 1.6750000000000000E+001  6.1045958724202045E+001
 1.6800000000000001E+001  6.0987624297100503E+001
 1.6850000000000001E+001  6.0926128500826373E+001
 1.6900000000000002E+001  6.0331486731128940E+001
 1.6949999999999999E+001  6.0668691208491936E+001
 1.7000000000000000E+001  6.1342157097887217E+001
 1.7050000000000001E+001  6.2267961844517004E+001
 1.7100000000000001E+001  6.3466441605007105E+001
 1.7150000000000002E+001  6.4617451052430866E+001
 1.7199999999999999E+001  6.5432888205083330E+001
 1.7250000000000000E+001  6.5889267364549568E+001
 1.7300000000000001E+001  6.6135324365617123E+001
 1.7350000000000001E+001  6.7352144382050994E+001
 1.7400000000000002E+001  6.8197509710396460E+001
 1.7449999999999999E+001  6.8033623015700371E+001
 1.7500000000000000E+001  6.8422496739035722E+001
 1.7550000000000001E+001  6.8110641430180209E+001
 1.7600000000000001E+001  6.7700524121699075E+001
 1.7650000000000002E+001  6.6921256835307688E+001
 1.7699999999999999E+001  6.5420058881178988E+001
 1.7750000000000000E+001  6.4135968077592523E+001
 1.7800000000000001E+001  6.3700989267388614E+001
 1.7850000000000001E+001  6.3332088561859052E+001
 1.7900000000000002E+001  6.3718464845966736E+001
 1.7949999999999999E+001  6.3935999288129985E+001
 1.8000000000000000E+001  6.4022513066960570E+001
 1.8050000000000001E+001  6.4363732306104296E+001
 1.8100000000000001E+001  6.5265206825696453E+001
 1.8150000000000002E+001  6.5943068263072348E+001
 1.8199999999999999E+001  6.6565359908486201E+001
 1.8250000000000000E+001  6.6446308909054096E+001
 1.8300000000000001E+001  6.6416120004313711E+001
 1.8350000000000001E+001  6.6553367962093546E+001
 1.8400000000000002E+001  6.6022300770221747E+001
 1.8449999999999999E+001  6.5573482746258435E+001
 1.8500000000000000E+001  6.5806437129456569E+001
 1.8550000000000001E+001  6.6509249291439843E+001
 1.8600000000000001E+001  6.6974641513298209E+001
 1.8650000000000002E+001  6.7736130519253194E+001
 1.8699999999999999E+001  6.9196916721461747E+001
 1.8750000000000000E+001  7.0496421450343504E+001
 1.8800000000000001E+001  7.1378314783034327E+001
 1.8850000000000001E+001  7.2403833534354575E+001
 1.8900000000000002E+001  7.2924183313870330E+001
 1.8949999999999999E+001  7.3454834614978182E+001
 1.9000000000000000E+001  7.3743314052510911E+001
 1.9050000000000001E+001  7.3198563840243025E+001
 1.9100000000000001E+001  7.2529897918386965E+001
 1.9150000000000002E+001  7.2293219804218381E+001
 1.9200000000000003E+001  7.2475524724540790E+001
 1.9250000000000000E+001  7.2303252865292478E+001
 1.9300000000000001E+001  7.1392726743538304E+001
 1.9350000000000001E+001  7.0816353637137553E+001
 1.9400000000000002E+001  7.0289118218473732E+001
 1.9450000000000003E+001  7.0160634393379070E+001
 1.9500000000000000E+001  6.9893608414933780E+001
 1.9550000000000001E+001  6.9169617245042275E+001
 1.9600000000000001E+001  6.8296596171144827E+001
 1.9650000000000002E+001  6.7244131653676604E+001
 1.9700000000000003E+001  6.5293519677620949E+001
 1.9750000000000000E+001  6.3715071159383790E+001
 1.9800000000000001E+001  6.3346821047222633E+001
 1.9850000000000001E+001  6.3985533786265187E+001
 1.9900000000000002E+001  6.4647466978267786E+001
 1.9950000000000003E+001  6.5320730351315461E+001
 2.0000000000000000E+001  6.6263365037903114E+001
 2.0050000000000001E+001  6.7038116417391862E+001
 2.0100000000000001E+001  6.7401005163145598E+001
 2.0150000000000002E+001  6.7552219255065452E+001
 2.0200000000000003E+001  6.7499081462619515E+001
 2.0250000000000000E+001  6.7186453685966953E+001
 2.0300000000000001E+001  6.6426434775639933E+001
 2.0350000000000001E+001  6.5698060626886956E+001
 2.0400000000000002E+001  6.4784346629452486E+001
 2.0450000000000003E+001  6.4309946574935253E+001
 2.0500000000000000E+001  6.4459291812462936E+001
 2.0550000000000001E+001  6.4596902061334802E+001
 2.0600000000000001E+001  6.4654541794639016E+001
 2.0650000000000002E+001  6.4404041095208228E+001
 2.0700000000000003E+001  6.3955655756604770E+001
 2.0750000000000000E+001  6.3974284269741709E+001
 2.0800000000000001E+001  6.4123476317558357E+001
 2.0850000000000001E+001  6.4520931423521304E+001
 2.0900000000000002E+001  6.4715157302200254E+001
 2.0950000000000003E+001  6.5381632686052683E+001
 2.1000000000000000E+001  6.5913836764432418E+001
 2.1050000000000001E+001  6.6960262188779254E+001
 2.1100000000000001E+001  6.8659705760220433E+001
 2.1150000000000002E+001  7.0353769089389331E+001
 2.1200000000000003E+001  7.2306847396554105E+001
 2.1250000000000000E+001  7.4391813915985338E+001
 2.1300000000000001E+001  7.5407123280042825E+001
 2.1350000000000001E+001  7.5504442339364402E+001
 2.1400000000000002E+001  7.5895057978082036E+001
 2.1450000000000003E+001  7.5482701077574021E+001
 2.1500000000000000E+001  7.5116213465435948E+001
 2.1550000000000001E+001  7.4220533294879147E+001
 2.1600000000000001E+001  7.3566176128751366E+001
 2.1650000000000002E+001  7.3470349079575669E+001
 2.1700000000000003E+001  7.2944917659710413E+001
 2.1750000000000000E+001  7.2347959267013451E+001
 2.1800000000000001E+001  7.1775672100707069E+001
 2.1850000000000001E+001  7.1489346738180160E+001
 2.1900000000000002E+001  7.0591731692686622E+001
 2.1950000000000003E+001  7.0153610260717812E+001
 2.2000000000000000E+001  7.0765063401798855E+001
 2.2050000000000001E+001  7.0664032121143279E+001
 2.2100000000000001E+001  7.0314009918005482E+001
 2.2150000000000002E+001  7.0014946147960188E+001
 2.2200000000000003E+001  6.9431147370527981E+001
 2.2250000000000000E+001  6.8528019205255575E+001
 2.2300000000000001E+001  6.7435763039069712E+001
 2.2350000000000001E+001  6.6258937745676278E+001
 2.2400000000000002E+001  6.5136993741589123E+001
 2.2450000000000003E+001  6.4293578021836538E+001
 2.2500000000000000E+001  6.3740944212520382E+001
 2.2550000000000001E+001  6.3585760253545111E+001
 2.2600000000000001E+001  6.3505266861597796E+001
 2.2650000000000002E+001  6.3308339499009513E+001
 2.2700000000000003E+001  6.3057158698345845E+001
 2.2750000000000000E+001  6.2210720771625404E+001
 2.2800000000000001E+001  6.1662735031432554E+001
 2.2850000000000001E+001  6.2039996117829830E+001
 2.2900000000000002E+001  6.2484661124911185E+001
 2.2950000000000003E+001  6.3358798087945956E+001
 2.3000000000000000E+001  6.4374100613636770E+001
 2.3050000000000001E+001  6.4193279614088638E+001
 2.3100000000000001E+001  6.3976264770479169E+001
 2.3150000000000002E+001  6.3912303041164520E+001
 2.3200000000000003E+001  6.3752545419621185E+001
 2.3250000000000000E+001  6.3116370190011303E+001
 2.3300000000000001E+001  6.2791513367237179E+001
 2.3350000000000001E+001  6.1971421869666301E+001
 2.3400000000000002E+001  6.0877633235451377E+001
 2.3450000000000003E+001  5.9963195992021930E+001
 2.3500000000000000E+001  5.9673390273782076E+001
 2.3550000000000001E+001  5.9143326031458948E+001
 2.3600000000000001E+001  5.8575214457847295E+001
 2.3650000000000002E+001  5.8679945981940094E+001
 2.3700000000000003E+001  5.7943109046332467E+001
 2.3750000000000000E+001  5.7492595565410369E+001
 2.3800000000000001E+001  5.7290674004972274E+001
 2.3850000000000001E+001  5.7165278929623582E+001
 2.3900000000000002E+001  5.7036610775452111E+001
 2.3950000000000003E+001  5.6914767946633084E+001
 2.4000000000000000E+001  5.6975334877292696E+001
 2.4050000000000001E+001  5.6652788282356674E+001
 2.4100000000000001E+001  5.6709644254932144E+001
 2.4150000000000002E+001  5.6545123077115626E+001
 2.4200000000000003E+001  5.6572451630919765E+001
 2.4250000000000000E+001  5.6586652675057721E+001
 2.4300000000000001E+001  5.6476495046862972E+001
 2.4350000000000001E+001  5.6502448246322764E+001
 2.4400000000000002E+001  5.6400950680183612E+001
 2.4450000000000003E+001  5.5843710847045166E+001
 2.4500000000000000E+001  5.5043274134753446E+001
 2.4550000000000001E+001  5.3872191179298213E+001
 2.4600000000000001E+001  5.3529772877639417E+001
 2.4650000000000002E+001  5.3527241987355950E+001
 2.4700000000000003E+001  5.3008130380327508E+001
 2.4750000000000000E+001  5.2569162596287043E+001
 2.4800000000000001E+001  5.2398362036189589E+001
 2.4850000000000001E+001  5.2524284712909321E+001
 2.4900000000000002E+001  5.2477193629426331E+001
 2.4950000000000003E+001  5.2921036413298047E+001
 2.5000000000000000E+001  5.2611939025753330E+001
 2.5050000000000001E+001  5.2399946980390432E+001
 2.5100000000000001E+001  5.1778028974298429E+001
 2.5150000000000002E+001  5.1193459689607572E+001
 2.5200000000000003E+001  5.0853784983622376E+001
 2.5250000000000000E+001  5.0396232977700862E+001
 2.5300000000000001E+001  5.0029840676278369E+001
 2.5350000000000001E+001  4.9903793054945538E+001
 2.5400000000000002E+001  4.9589560883813419E+001
 2.5450000000000003E+001  4.9456024048645027E+001
 2.5500000000000000E+001  4.9319046496629660E+001
 2.5550000000000001E+001  4.8967196439539798E+001
 2.5600000000000001E+001  4.8873067354585991E+001
 2.5650000000000002E+001  4.8769656536613134E+001
 2.5700000000000003E+001  4.9440883713982082E+001
 2.5750000000000000E+001  4.9518762014206970E+001
 2.5800000000000001E+001  4.9302332498197302E+001
 2.5850000000000001E+001  4.9353800200951746E+001
 2.5900000000000002E+001  4.8889861020378923E+001
 2.5950000000000003E+001  4.8335183840839186E+001
 2.6000000000000000E+001  4.8025590632146439E+001
 2.6050000000000001E+001  4.7721224294984651E+001
 2.6100000000000001E+001  4.7568225188696665E+001
 2.6150000000000002E+001  4.7358067423773221E+001
 2.6200000000000003E+001  4.6943709800575313E+001
 2.6250000000000000E+001  4.7148456870213543E+001
 2.6300000000000001E+001  4.7079386009192177E+001
 2.6350000000000001E+001  4.7007922006615459E+001
 2.6400000000000002E+001  4.6749089606840990E+001
 2.6450000000000003E+001  4.6382462571786832E+001
 2.6500000000000000E+001  4.6292476790031039E+001
 2.6550000000000001E+001  4.6180076550683822E+001
 2.6600000000000001E+001  4.6375731261877071E+001
 2.6650000000000002E+001  4.6342622570948961E+001
 2.6700000000000003E+001  4.6651728005550979E+001
 2.6750000000000000E+001  4.6537151797889059E+001
 2.6800000000000001E+001  4.6297009487302304E+001
 2.6850000000000001E+001  4.6588304408782477E+001
 2.6900000000000002E+001  4.6678923945956662E+001
 2.6950000000000003E+001  4.6417012514397292E+001
 2.7000000000000000E+001  4.6012331460634854E+001
 2.7050000000000001E+001  4.5333269696163626E+001
 2.7100000000000001E+001  4.4957367251509964E+001
 2.7150000000000002E+001  4.4982928074747868E+001
 2.7200000000000003E+001  4.4787494234522150E+001
 2.7250000000000000E+001  4.4425015819515586E+001
 2.7300000000000001E+001  4.4355489829010530E+001
 2.7350000000000001E+001  4.4134568964679964E+001
 2.7400000000000002E+001  4.3555243209921493E+001
 2.7450000000000003E+001  4.3283468760398399E+001
 2.7500000000000000E+001  4.3176105044757158E+001
 2.7550000000000001E+001  4.2709152066083632E+001
 2.7600000000000001E+001  4.2610425010844793E+001
 2.7650000000000002E+001  4.2561672333222305E+001
 2.7700000000000003E+001  4.2730845029076747E+001
 2.7750000000000000E+001  4.2543303601157639E+001
 2.7800000000000001E+001  4.2128808600872333E+001
 2.7850000000000001E+001  4.1887363346666092E+001
 2.7900000000000002E+001  4.1456943173863074E+001
 2.7950000000000003E+001  4.1130826951549757E+001
 2.8000000000000000E+001  4.1091773687044387E+001
 2.8050000000000001E+001  4.1015070777289601E+001
 2.8100000000000001E+001  4.1213486479238739E+001
 2.8150000000000002E+001  4.1531467174203712E+001
 2.8200000000000003E+001  4.1448844530160066E+001
 2.8250000000000000E+001  4.1026942666075158E+001
 2.8300000000000001E+001  4.0570145084537302E+001
 2.8350000000000001E+001  4.0692460267914711E+001
 2.8400000000000002E+001  4.0447450440048044E+001
 2.8450000000000003E+001  4.0488075701706137E+001
 2.8500000000000000E+001  4.0399498005316509E+001
 2.8550000000000001E+001  4.0020076100628089E+001
 2.8600000000000001E+001  4.0036100747172867E+001
 2.8650000000000002E+001  4.0020565188059194E+001
 2.8700000000000003E+001  3.9952027495693997E+001
 2.8750000000000000E+001  3.9466693188482452E+001
 2.8800000000000001E+001  3.9606264154534230E+001
 2.8850000000000001E+001  3.9234518320660371E+001
 2.8900000000000002E+001  3.8975240313717464E+001
 2.8950000000000003E+001  3.9697444781048382E+001
 2.9000000000000000E+001  4.0030310199842660E+001
 2.9050000000000001E+001  4.0119177296458467E+001
 2.9100000000000001E+001  3.9957630048082464E+001
 2.9150000000000002E+001  3.9551665739362562E+001
 2.9200000000000003E+001  3.9446948357458197E+001
 2.9250000000000000E+001  3.9589461540088678E+001
 2.9300000000000001E+001  3.9563751528417271E+001
 2.9350000000000001E+001  3.9040901263714709E+001
 2.9400000000000002E+001  3.9051004979678297E+001
 2.9450000000000003E+001  3.8716394887938229E+001
 2.9500000000000000E+001  3.9031407592891746E+001
 2.9550000000000001E+001  3.8878711460851775E+001
 2.9600000000000001E+001  3.8607104351258528E+001
 2.9650000000000002E+001  3.8729839697298601E+001
 2.9700000000000003E+001  3.8631346707095481E+001
 2.9750000000000000E+001  3.8585288318161552E+001
 2.9800000000000001E+001  3.8495387166887951E+001
 2.9850000000000001E+001  3.8751725262604033E+001
 2.9900000000000002E+001  3.9065385909443933E+001
 2.9950000000000003E+001  3.8749943901640066E+001
 3.0000000000000000E+001  3.8389158845419487E+001
 3.0050000000000001E+001  3.8254017512679944E+001
 3.0100000000000001E+001  3.8514453223663828E+001
 3.0150000000000002E+001  3.8772406114356272E+001
 3.0200000000000003E+001  3.8903781940996517E+001
 3.0250000000000000E+001  3.8632731089549978E+001
 3.0300000000000001E+001  3.8472360902581471E+001
 3.0350000000000001E+001  3.8350173334719727E+001
 3.0400000000000002E+001  3.8241181641428632E+001
 3.0450000000000003E+001  3.8521074049112897E+001
 3.0500000000000000E+001  3.8646730720152917E+001
 3.0550000000000001E+001  3.8742871131153095E+001
 3.0600000000000001E+001  3.8451189087098790E+001
 3.0650000000000002E+001  3.8291066330175440E+001
 3.0700000000000003E+001  3.8236968589469406E+001
 3.0750000000000000E+001  3.8546800147046937E+001
 3.0800000000000001E+001  3.9028927846726255E+001
 3.0850000000000001E+001  3.8992371535308358E+001
 3.0900000000000002E+001  3.9077511757867590E+001
 3.0950000000000003E+001  3.8671653564305785E+001
 3.1000000000000000E+001  3.9019474441560241E+001
 3.1050000000000001E+001  3.9149450657050998E+001
 3.1100000000000001E+001  3.8867926817899111E+001
 3.1150000000000002E+001  3.8887796517096383E+001
 3.1200000000000003E+001  3.8970639011319960E+001
 3.1250000000000000E+001  3.9337248583517372E+001
 3.1300000000000001E+001  3.9209732914212609E+001
 3.1350000000000001E+001  3.9293645806066543E+001
 3.1400000000000002E+001  3.8964764442495429E+001
 3.1450000000000003E+001  3.9289889189443954E+001
 3.1500000000000000E+001  3.9562397348331935E+001
 3.1550000000000001E+001  3.9153476316852455E+001
 3.1600000000000001E+001  3.9511573254476986E+001
 3.1650000000000002E+001  3.9357229377900161E+001
 3.1700000000000003E+001  3.8975753898889643E+001
 3.1750000000000000E+001  3.9488576764519543E+001
 3.1800000000000001E+001  3.9422093762939653E+001
 3.1850000000000001E+001  3.9526755956582875E+001
 3.1900000000000002E+001  3.9301605274547704E+001
 3.1950000000000003E+001  3.9085537005780033E+001
 3.2000000000000000E+001  3.9317446326114975E+001
 3.2050000000000004E+001  3.9458061086541967E+001
 3.2100000000000001E+001  3.9481234406682169E+001
 3.2149999999999999E+001  3.9386434913560983E+001
 3.2200000000000003E+001  3.9372104617783187E+001
 3.2250000000000000E+001  3.9637612574567044E+001
 3.2300000000000004E+001  3.9544443751160706E+001
 3.2350000000000001E+001  3.9660554031514273E+001
 3.2399999999999999E+001  3.9943320124983671E+001
 3.2450000000000003E+001  4.0270503904955874E+001
 3.2500000000000000E+001  4.0562262543291958E+001
 3.2550000000000004E+001  4.0542252624703117E+001
 3.2600000000000001E+001  4.0362335427570244E+001
 3.2649999999999999E+001  4.0471918150088129E+001
 3.2700000000000003E+001  4.0287016518886752E+001
 3.2750000000000000E+001  4.0429198198777279E+001
 3.2800000000000004E+001  4.0843575275920763E+001
 3.2850000000000001E+001  4.0529319604082865E+001
 3.2899999999999999E+001  4.0435425861010110E+001
 3.2950000000000003E+001  4.0492563169526058E+001
 3.3000000000000000E+001  4.0415561071284642E+001
 3.3050000000000004E+001  4.0179500279917704E+001
 3.3100000000000001E+001  4.0250864076492341E+001
 3.3149999999999999E+001  4.0478500068858985E+001
 3.3200000000000003E+001  4.0472739273336373E+001
 3.3250000000000000E+001  3.9740722942615790E+001
 3.3300000000000004E+001  3.9110526313030071E+001
 3.3350000000000001E+001  3.9079371555755920E+001
 3.3399999999999999E+001  3.9119142580211474E+001
 3.3450000000000003E+001  3.8562139307895180E+001
 3.3500000000000000E+001  3.8920481644626769E+001
 3.3550000000000004E+001  3.8876603505143265E+001
 3.3600000000000001E+001  3.8747343988746323E+001
 3.3649999999999999E+001  3.8583790161355957E+001
 3.3700000000000003E+001  3.8808036618135290E+001
 3.3750000000000000E+001  3.9301950801748170E+001
 3.3800000000000004E+001  3.9007116329562493E+001
 3.3850000000000001E+001  3.8841645196877167E+001
 3.3899999999999999E+001  3.9242023087501174E+001
 3.3950000000000003E+001  3.8844527645095155E+001
 3.4000000000000000E+001  3.8756284656749663E+001
 3.4050000000000004E+001  3.9335341915665566E+001
 3.4100000000000001E+001  3.9248573982660183E+001
 3.4149999999999999E+001  3.8697458014250202E+001
 3.4200000000000003E+001  3.8029952037412812E+001
 3.4250000000000000E+001  3.8874056709193873E+001
 3.4300000000000004E+001  3.9593302771041770E+001
 3.4350000000000001E+001  3.9271485066286196E+001
 3.4399999999999999E+001  3.8934673217947292E+001
 3.4450000000000003E+001  3.8668742582147516E+001
 3.4500000000000000E+001  3.8347961926542119E+001
 3.4550000000000004E+001  3.8246585800098615E+001
 3.4600000000000001E+001  3.8531566332414442E+001
 3.4649999999999999E+001  3.8461571553394052E+001
 3.4700000000000003E+001  3.8591110131118263E+001
 3.4750000000000000E+001  3.8416485452096929E+001
 3.4800000000000004E+001  3.8571661632000200E+001
 3.4850000000000001E+001  3.8126284313467174E+001
 3.4899999999999999E+001  3.8602390418356258E+001
 3.4950000000000003E+001  3.8798413731391591E+001
 3.5000000000000000E+001  3.8553684773220397E+001
 3.5050000000000004E+001  3.8356355490144068E+001
 3.5100000000000001E+001  3.8085802186127701E+001
 3.5149999999999999E+001  3.8453140242050402E+001
 3.5200000000000003E+001  3.8168477518845833E+001
 3.5250000000000000E+001  3.8053225936537615E+001
 3.5300000000000004E+001  3.7859786458950637E+001
 3.5350000000000001E+001  3.7872708114492490E+001
 3.5399999999999999E+001  3.7688775485826227E+001
 3.5450000000000003E+001  3.6953248630260504E+001
 3.5500000000000000E+001  3.7324117354759927E+001
 3.5550000000000004E+001  3.7272668886488248E+001
 3.5600000000000001E+001  3.6635194237133653E+001
 3.5649999999999999E+001  3.6265788865498692E+001
 3.5700000000000003E+001  3.6265058978656107E+001
 3.5750000000000000E+001  3.6763553976902685E+001
 3.5800000000000004E+001  3.6977919974346179E+001
 3.5850000000000001E+001  3.7025175608220493E+001
 3.5899999999999999E+001  3.6432451724989448E+001
 3.5950000000000003E+001  3.6167912315340175E+001
 3.6000000000000000E+001  3.6471876034147776E+001
 3.6050000000000004E+001  3.6001438179108995E+001
 3.6100000000000001E+001  3.5884683055671680E+001
 3.6149999999999999E+001  3.6183410629282911E+001
 3.6200000000000003E+001  3.6116291111376086E+001
 3.6250000000000000E+001  3.6032991442497270E+001
 3.6300000000000004E+001  3.5676850585165404E+001
 3.6350000000000001E+001  3.5471064410195773E+001
 3.6399999999999999E+001  3.5494992579698526E+001
 3.6450000000000003E+001  3.5411790492782096E+001
 3.6500000000000000E+001  3.5680249005358014E+001
 3.6550000000000004E+001  3.5964052545480989E+001
 3.6600000000000001E+001  3.5639913816459043E+001
 3.6649999999999999E+001  3.5044140445342450E+001
 3.6700000000000003E+001  3.5134389539301658E+001
 3.6750000000000000E+001  3.5396680725229160E+001
 3.6800000000000004E+001  3.5265683429997189E+001
 3.6850000000000001E+001  3.4908682101802306E+001
 3.6899999999999999E+001  3.4800231028311103E+001
 3.6950000000000003E+001  3.5335302821454995E+001
 3.7000000000000000E+001  3.5534685408609434E+001
 3.7050000000000004E+001  3.4957430036475621E+001
 3.7100000000000001E+001  3.4694558417376861E+001
 3.7149999999999999E+001  3.4357882198744711E+001
 3.7200000000000003E+001  3.5124341960026555E+001
 3.7250000000000000E+001  3.4942934277633015E+001
 3.7300000000000004E+001  3.4877505627661947E+001
 3.7350000000000001E+001  3.4551142466754484E+001
 3.7399999999999999E+001  3.4508821124586049E+001
 3.7450000000000003E+001  3.3928534409204268E+001
 3.7500000000000000E+001  3.4412836034891569E+001
 3.7550000000000004E+001  3.5305581728848381E+001
 3.7600000000000001E+001  3.4387881751020409E+001
 3.7649999999999999E+001  3.4390438617797471E+001
 3.7700000000000003E+001  3.5046287363360022E+001
 3.7750000000000000E+001  3.4724960157147834E+001
 3.7800000000000004E+001  3.4099937915525878E+001
 3.7850000000000001E+001  3.3926396769750149E+001
 3.7899999999999999E+001  3.4509670250997132E+001
 3.7950000000000003E+001  3.4092864512908086E+001
 3.8000000000000000E+001  3.4238290011398213E+001
 3.8050000000000004E+001  3.3686233903571448E+001
 3.8100000000000001E+001  3.3294749848347251E+001
 3.8149999999999999E+001  3.3695209786334125E+001
 3.8200000000000003E+001  3.4058775239343262E+001
 3.8250000000000000E+001  3.4346163373499252E+001
 3.8300000000000004E+001  3.5161432266090628E+001
 3.8350000000000001E+001  3.4585479713418877E+001
 3.8400000000000006E+001  3.3161010932848185E+001
 3.8450000000000003E+001  3.2981715478243153E+001
 3.8500000000000000E+001  3.3193769142168073E+001
 3.8550000000000004E+001  3.3628310620220809E+001
 3.8600000000000001E+001  3.2954261506889047E+001
 3.8650000000000006E+001  3.2538280890399818E+001
 3.8700000000000003E+001  3.2575709505276016E+001
 3.8750000000000000E+001  3.2677659481506545E+001
 3.8800000000000004E+001  3.3348920875261321E+001
 3.8850000000000001E+001  3.3154095920270471E+001
 3.8900000000000006E+001  3.2323471100657542E+001
 3.8950000000000003E+001  3.2534532584545694E+001
 3.9000000000000000E+001  3.2596455635832669E+001
 3.9050000000000004E+001  3.2661264071618440E+001
 3.9100000000000001E+001  3.2658702428835355E+001
 3.9150000000000006E+001  3.2776091199829487E+001
 3.9200000000000003E+001  3.2784383664533181E+001
 3.9250000000000000E+001  3.2221596767845789E+001
 3.9300000000000004E+001  3.1712998750335284E+001
 3.9350000000000001E+001  3.1660117549669508E+001
 3.9400000000000006E+001  3.1989078079223212E+001
 3.9450000000000003E+001  3.2358988063845743E+001
 3.9500000000000000E+001  3.3271877793105929E+001
 3.9550000000000004E+001  3.1537864902567225E+001
 3.9600000000000001E+001  3.2020243277927442E+001
 3.9650000000000006E+001  3.2303203698222333E+001
 3.9700000000000003E+001  3.2863639530853234E+001
 3.9750000000000000E+001  3.3070557503016651E+001
 3.9800000000000004E+001  3.2397324088950867E+001
 3.9850000000000001E+001  3.1606384798103889E+001
 3.9900000000000006E+001  3.1818619354932636E+001
 3.9950000000000003E+001  3.1682813032118396E+001
 4.0000000000000000E+001  3.1045878939340160E+001
 4.0050000000000004E+001  3.1077667614770096E+001
 4.0100000000000001E+001  3.2151920131095721E+001
 4.0150000000000006E+001  3.2357769513624355E+001
 4.0200000000000003E+001  3.1490335343364766E+001
 4.0250000000000000E+001  3.1409125909156401E+001
 4.0300000000000004E+001  3.0821378852252106E+001
 4.0350000000000001E+001  3.0938678884787706E+001
 4.0400000000000006E+001  3.0678233776892178E+001
 4.0450000000000003E+001  3.0904345540050322E+001
 4.0500000000000000E+001  3.1698220280846780E+001
 4.0550000000000004E+001  3.0952090574120199E+001
 4.0600000000000001E+001  2.9705284921055576E+001
 4.0650000000000006E+001  3.2039597959562165E+001
 4.0700000000000003E+001  3.1546202190343010E+001
 4.0750000000000000E+001  3.2669522642191239E+001
 4.0800000000000004E+001  3.3784879870904788E+001
 4.0850000000000001E+001  3.3141639321812441E+001
 4.0900000000000006E+001  3.3351832118428824E+001
 4.0950000000000003E+001  3.3396856562023920E+001
 4.1000000000000000E+001  3.6140327607835722E+001
 4.1050000000000004E+001  2.9868599118265813E+001
 4.1100000000000001E+001  2.7327284384784111E+001
 4.1150000000000006E+001  3.5067792137167537E+001
 4.1200000000000003E+001  3.4675418333806483E+001
 4.1250000000000000E+001  3.5269633828433676E+001
