 2.4000000000000004E+000  1.2352661207382967E+001
 2.4500000000000002E+000  1.2023746457584830E+001
 2.5000000000000000E+000  1.3007068508397165E+001
 2.5500000000000003E+000  1.4403450803978243E+001
 2.6000000000000001E+000  1.5013719374254634E+001
 2.6500000000000004E+000  1.6090241549052791E+001
 2.7000000000000002E+000  1.6453280403592270E+001
 2.7500000000000000E+000  1.9537891274399559E+001
 2.8000000000000003E+000  2.8547924299973001E+001
 2.8500000000000001E+000  6.2489169387065367E+001
 2.9000000000000004E+000  1.5199439400755503E+002
 2.9500000000000002E+000  3.0384469610637592E+002
 3.0000000000000000E+000  4.3771702852068006E+002
 3.0500000000000003E+000  5.4486109515016426E+002
 3.1000000000000001E+000  6.5315138073362596E+002
 3.1500000000000004E+000  7.0107203482881334E+002
 3.2000000000000002E+000  6.0406521813865743E+002
 3.2500000000000000E+000  4.5591360340009777E+002
 3.3000000000000003E+000  3.5705288337193184E+002
 3.3500000000000001E+000  3.3735178316688172E+002
 3.4000000000000004E+000  3.4067020535613420E+002
 3.4500000000000002E+000  3.1501286485736767E+002
 3.5000000000000000E+000  2.7662844408365828E+002
 3.5500000000000003E+000  2.4152800572600793E+002
 3.6000000000000001E+000  2.0926982248156565E+002
 3.6500000000000004E+000  1.8328066241021520E+002
 3.7000000000000002E+000  1.6364446152471211E+002
 3.7500000000000000E+000  1.4855799626240744E+002
 3.8000000000000003E+000  1.3388363404507558E+002
 3.8500000000000001E+000  1.1909614530181000E+002
 3.9000000000000004E+000  1.1474803197656398E+002
 3.9500000000000002E+000  1.1272835293640627E+002
 4.0000000000000000E+000  1.1072958233581164E+002
 4.0499999999999998E+000  1.1169171668792859E+002
 4.1000000000000005E+000  1.1083969982049283E+002
 4.1500000000000004E+000  1.1010616030334367E+002
 4.2000000000000002E+000  1.0643880093766397E+002
 4.2500000000000000E+000  1.0567521320410471E+002
 4.2999999999999998E+000  1.0290963269583717E+002
 4.3500000000000005E+000  1.0235424720376739E+002
 4.4000000000000004E+000  9.9827495681951177E+001
 4.4500000000000002E+000  9.7639290444436170E+001
 4.5000000000000000E+000  9.3885404182808557E+001
 4.5499999999999998E+000  9.1051426888741148E+001
 4.6000000000000005E+000  8.8357191017540472E+001
 4.6500000000000004E+000  8.6222565450140806E+001
 4.7000000000000002E+000  8.6044447128521270E+001
 4.7500000000000000E+000  8.5406818216359483E+001
 4.8000000000000007E+000  8.3729151000988296E+001
 4.8500000000000005E+000  8.1803023145697807E+001
 4.9000000000000004E+000  7.9790207248265602E+001
 4.9500000000000002E+000  7.6541398521200932E+001
 5.0000000000000000E+000  7.2757762470348638E+001
 5.0500000000000007E+000  6.9759827007463500E+001
 5.1000000000000005E+000  6.8209342279734301E+001
 5.1500000000000004E+000  6.7700147627849560E+001
 5.2000000000000002E+000  6.9258560426986563E+001
 5.2500000000000000E+000  7.3647257898519285E+001
 5.3000000000000007E+000  8.0223931233199380E+001
 5.3500000000000005E+000  8.6446093258169100E+001
 5.4000000000000004E+000  9.0226040544851259E+001
 5.4500000000000002E+000  9.0143162710633760E+001
 5.5000000000000000E+000  8.4544074471952882E+001
 5.5500000000000007E+000  7.7114642560083183E+001
 5.6000000000000005E+000  7.0376225111748155E+001
 5.6500000000000004E+000  6.5433510488423593E+001
 5.7000000000000002E+000  6.2197684134397576E+001
 5.7500000000000000E+000  5.9871864160590988E+001
 5.8000000000000007E+000  5.8045008394981259E+001
 5.8500000000000005E+000  5.6483617375537705E+001
 5.9000000000000004E+000  5.6157634037747961E+001
 5.9500000000000002E+000  5.7892181561532219E+001
 6.0000000000000000E+000  6.3072905395062840E+001
 6.0500000000000007E+000  7.2136884655961353E+001
 6.1000000000000005E+000  8.2821925722265817E+001
 6.1500000000000004E+000  9.1542126965096216E+001
 6.2000000000000002E+000  9.7317630352079291E+001
 6.2500000000000000E+000  9.7546126732739552E+001
 6.3000000000000007E+000  9.0913184789806408E+001
 6.3500000000000005E+000  8.0920189307168854E+001
 6.4000000000000004E+000  7.1677103192619754E+001
 6.4500000000000002E+000  6.4902399982612593E+001
 6.5000000000000000E+000  6.0896655780254925E+001
 6.5500000000000007E+000  5.9997716785903663E+001
 6.6000000000000005E+000  6.0628860386250572E+001
 6.6500000000000004E+000  6.2953692508842337E+001
 6.7000000000000002E+000  6.7370910351960674E+001
 6.7500000000000000E+000  7.5421626102713716E+001
 6.8000000000000007E+000  8.6522719570556006E+001
 6.8500000000000005E+000  9.6532288714607063E+001
 6.9000000000000004E+000  9.9209874837724811E+001
 6.9500000000000002E+000  9.7985658415392180E+001
 7.0000000000000000E+000  9.6604669221859893E+001
 7.0500000000000007E+000  1.0071526063822074E+002
 7.1000000000000005E+000  1.0712452963139458E+002
 7.1500000000000004E+000  1.0983777929972025E+002
 7.2000000000000002E+000  1.0618590362274936E+002
 7.2500000000000000E+000  9.7311351672820194E+001
 7.3000000000000007E+000  8.6693842721076436E+001
 7.3500000000000005E+000  7.7781716707145776E+001
 7.4000000000000004E+000  7.2805738015382005E+001
 7.4500000000000002E+000  7.0329504339267231E+001
 7.5000000000000000E+000  7.0333241832058107E+001
 7.5500000000000007E+000  7.1583713568673957E+001
 7.6000000000000005E+000  7.6009795007123770E+001
 7.6500000000000004E+000  8.4146168938238048E+001
 7.7000000000000002E+000  9.9292728037761677E+001
 7.7500000000000000E+000  1.2010471277659302E+002
 7.8000000000000007E+000  1.4253345987441958E+002
 7.8500000000000005E+000  1.5675448176429586E+002
 7.9000000000000004E+000  1.5453585707738605E+002
 7.9500000000000002E+000  1.4046439243252576E+002
 8.0000000000000000E+000  1.2704575338828471E+002
 8.0500000000000007E+000  1.1829292402955377E+002
 8.0999999999999996E+000  1.1675431742418000E+002
 8.1500000000000004E+000  1.1903980548422570E+002
 8.2000000000000011E+000  1.2213974387209669E+002
 8.2500000000000000E+000  1.2192809162847487E+002
 8.3000000000000007E+000  1.1598090737559873E+002
 8.3499999999999996E+000  1.0617200381809420E+002
 8.4000000000000004E+000  9.7869012847070991E+001
 8.4500000000000011E+000  9.2251723503505076E+001
 8.5000000000000000E+000  9.1520009792871136E+001
 8.5500000000000007E+000  9.6728286807924135E+001
 8.5999999999999996E+000  1.0685481916713493E+002
 8.6500000000000004E+000  1.1976950059866624E+002
 8.7000000000000011E+000  1.2747389171725067E+002
 8.7500000000000000E+000  1.2401560737460566E+002
 8.8000000000000007E+000  1.1075531137152815E+002
 8.8499999999999996E+000  9.6321724508018974E+001
 8.9000000000000004E+000  8.3462123472732401E+001
 8.9500000000000011E+000  7.5048466039902465E+001
 9.0000000000000000E+000  6.9913463931956954E+001
 9.0500000000000007E+000  6.7357723442937413E+001
 9.0999999999999996E+000  6.5733725571510206E+001
 9.1500000000000004E+000  6.5451933317334237E+001
 9.2000000000000011E+000  6.6056406043484458E+001
 9.2500000000000000E+000  6.8544398659554673E+001
 9.3000000000000007E+000  7.2115303593768587E+001
 9.3499999999999996E+000  7.6024384721285486E+001
 9.4000000000000004E+000  7.9971150765803102E+001
 9.4500000000000011E+000  8.4302315691771000E+001
 9.5000000000000000E+000  8.9960549777480466E+001
 9.5500000000000007E+000  9.7083857067950291E+001
 9.6000000000000014E+000  1.0285993768382502E+002
 9.6500000000000004E+000  1.0670855121466003E+002
 9.7000000000000011E+000  1.0878517566199801E+002
 9.7500000000000000E+000  1.0883313144681550E+002
 9.8000000000000007E+000  1.0460760377365241E+002
 9.8500000000000014E+000  9.5939986806730616E+001
 9.9000000000000004E+000  8.4623824728091734E+001
 9.9500000000000011E+000  7.5412668508760106E+001
 1.0000000000000000E+001  7.0189440332850424E+001
 1.0050000000000001E+001  6.7154864432815970E+001
 1.0100000000000001E+001  6.6651093098944727E+001
 1.0150000000000000E+001  6.7519302080061181E+001
 1.0200000000000001E+001  6.9338571457747605E+001
 1.0250000000000000E+001  7.1247303937713340E+001
 1.0300000000000001E+001  7.1073713791855468E+001
 1.0350000000000001E+001  6.9132176422237549E+001
 1.0400000000000000E+001  6.5717207602719199E+001
 1.0450000000000001E+001  6.2589606717407484E+001
 1.0500000000000000E+001  6.0090657766289020E+001
 1.0550000000000001E+001  5.9493832277317104E+001
 1.0600000000000001E+001  6.1676389561085244E+001
 1.0650000000000000E+001  6.5961419110944362E+001
 1.0700000000000001E+001  7.0942731447503306E+001
 1.0750000000000000E+001  7.5169824001815741E+001
 1.0800000000000001E+001  7.9075971380559423E+001
 1.0850000000000001E+001  8.2822275057077505E+001
 1.0900000000000000E+001  8.5659889335696860E+001
 1.0950000000000001E+001  8.6166898168987260E+001
 1.1000000000000000E+001  8.5468168619792550E+001
 1.1050000000000001E+001  8.4514575652890855E+001
 1.1100000000000001E+001  8.4599000350169732E+001
 1.1150000000000000E+001  8.7676256982723615E+001
 1.1200000000000001E+001  9.2207983040279785E+001
 1.1250000000000000E+001  9.4654373111705240E+001
 1.1300000000000001E+001  9.2224007265033208E+001
 1.1350000000000001E+001  8.5967255540113428E+001
 1.1400000000000000E+001  8.0605047306680504E+001
 1.1450000000000001E+001  7.7227282338905724E+001
 1.1500000000000000E+001  7.5995690990449404E+001
 1.1550000000000001E+001  7.7507154688888434E+001
 1.1600000000000001E+001  7.9823472415123803E+001
 1.1650000000000000E+001  8.0689561055783344E+001
 1.1700000000000001E+001  8.2048021054498676E+001
 1.1750000000000000E+001  8.2730356011786938E+001
 1.1800000000000001E+001  8.3117258139443678E+001
 1.1850000000000001E+001  8.3287169378261055E+001
 1.1900000000000000E+001  8.2916722193860366E+001
 1.1950000000000001E+001  8.3415274106586651E+001
 1.2000000000000000E+001  8.4407201023143401E+001
 1.2050000000000001E+001  8.8296574394941217E+001
 1.2100000000000001E+001  9.2385147456310960E+001
 1.2150000000000000E+001  9.6108258588716012E+001
 1.2200000000000001E+001  9.8797702455335966E+001
 1.2250000000000000E+001  9.9810751138335604E+001
 1.2300000000000001E+001  9.6179559851088513E+001
 1.2350000000000001E+001  9.0660133246093949E+001
 1.2400000000000000E+001  8.5426390311915469E+001
 1.2450000000000001E+001  8.2343191384512309E+001
 1.2500000000000000E+001  8.0934047202648358E+001
 1.2550000000000001E+001  8.0113982847596034E+001
 1.2600000000000001E+001  7.8896487141131161E+001
 1.2650000000000000E+001  7.7813979301833484E+001
 1.2700000000000001E+001  7.7092817446412241E+001
 1.2750000000000000E+001  7.7697772763165332E+001
 1.2800000000000001E+001  7.7359591754382961E+001
 1.2850000000000001E+001  7.5396791152910595E+001
 1.2900000000000000E+001  7.2683055642347966E+001
 1.2950000000000001E+001  6.9841553163215124E+001
 1.3000000000000000E+001  6.7781462146546659E+001
 1.3050000000000001E+001  6.6183796789134547E+001
 1.3100000000000001E+001  6.4893812425675037E+001
 1.3150000000000000E+001  6.4882833533194557E+001
 1.3200000000000001E+001  6.5586629303272758E+001
 1.3250000000000000E+001  6.8765697776975330E+001
 1.3300000000000001E+001  7.3488966964274169E+001
 1.3350000000000001E+001  7.9652165342228855E+001
 1.3400000000000000E+001  8.5745518768031133E+001
 1.3450000000000001E+001  9.1376785103451809E+001
 1.3500000000000000E+001  9.5777247075534120E+001
 1.3550000000000001E+001  9.7937701377507352E+001
 1.3600000000000001E+001  9.7021204499235253E+001
 1.3650000000000000E+001  9.4335603495449391E+001
 1.3700000000000001E+001  8.8953827618816533E+001
 1.3750000000000000E+001  8.2323802930480284E+001
 1.3800000000000001E+001  7.7568615826284983E+001
 1.3850000000000001E+001  7.3990582135556906E+001
 1.3900000000000000E+001  7.2121999398717776E+001
 1.3950000000000001E+001  7.1778965099283994E+001
 1.4000000000000000E+001  7.2234169147792542E+001
 1.4050000000000001E+001  7.3122798774124291E+001
 1.4100000000000001E+001  7.2543057272601061E+001
 1.4150000000000000E+001  7.2158289670022114E+001
 1.4200000000000001E+001  7.0459213035951080E+001
 1.4250000000000000E+001  6.8405226462984302E+001
 1.4300000000000001E+001  6.6088293666670495E+001
 1.4350000000000001E+001  6.4829937719609717E+001
 1.4400000000000000E+001  6.4147324008310733E+001
 1.4450000000000001E+001  6.3322767236314590E+001
 1.4500000000000000E+001  6.2291332731090556E+001
 1.4550000000000001E+001  6.0730588268767761E+001
 1.4600000000000001E+001  5.8774929129953236E+001
 1.4650000000000000E+001  5.7246010344340192E+001
 1.4700000000000001E+001  5.6564512264968890E+001
 1.4750000000000000E+001  5.6740269514098209E+001
 1.4800000000000001E+001  5.7868757376760229E+001
 1.4850000000000001E+001  5.8798126274585059E+001
 1.4900000000000000E+001  5.9986890551526457E+001
 1.4950000000000001E+001  6.0956992294998940E+001
 1.5000000000000000E+001  6.0754322734169421E+001
 1.5050000000000001E+001  5.9998427691338243E+001
 1.5100000000000001E+001  5.9100440948187959E+001
 1.5150000000000000E+001  5.7635990945030002E+001
 1.5200000000000001E+001  5.6734171757368600E+001
 1.5250000000000000E+001  5.6544295541836988E+001
 1.5300000000000001E+001  5.7090338488036060E+001
 1.5350000000000001E+001  5.8087835916783455E+001
 1.5400000000000000E+001  5.9540478619989543E+001
 1.5450000000000001E+001  6.1246249385906218E+001
 1.5500000000000000E+001  6.2679431307603835E+001
 1.5550000000000001E+001  6.3345868952032497E+001
 1.5600000000000001E+001  6.4518065182045092E+001
 1.5650000000000000E+001  6.6458554854353693E+001
 1.5700000000000001E+001  6.8196372543609613E+001
 1.5750000000000000E+001  6.8614048168469054E+001
 1.5800000000000001E+001  6.7390569490960118E+001
 1.5850000000000001E+001  6.5432074279161540E+001
 1.5900000000000000E+001  6.3677973109803972E+001
 1.5950000000000001E+001  6.2778072831202834E+001
 1.6000000000000000E+001  6.2672570848826638E+001
 1.6050000000000001E+001  6.2957731867762128E+001
 1.6100000000000001E+001  6.3889570028032310E+001
 1.6150000000000002E+001  6.4765618751106700E+001
 1.6199999999999999E+001  6.6459826189693075E+001
 1.6250000000000000E+001  6.9308171680462564E+001
 1.6300000000000001E+001  7.1364411557353947E+001
 1.6350000000000001E+001  7.3121669676565929E+001
 1.6400000000000002E+001  7.4120971411276770E+001
 1.6449999999999999E+001  7.3231306633937848E+001
 1.6500000000000000E+001  7.1510985159470465E+001
 1.6550000000000001E+001  6.9443490767928949E+001
 1.6600000000000001E+001  6.6996762180458774E+001
 1.6650000000000002E+001  6.4504623507272754E+001
 1.6699999999999999E+001  6.2289132393997868E+001
 1.6750000000000000E+001  6.1008562736205960E+001
 1.6800000000000001E+001  6.0510419170521622E+001
 1.6850000000000001E+001  6.1000925359170743E+001
 1.6900000000000002E+001  6.1102119562410749E+001
 1.6949999999999999E+001  6.0793643606601236E+001
 1.7000000000000000E+001  6.0426559756599907E+001
 1.7050000000000001E+001  5.9876937525844696E+001
 1.7100000000000001E+001  6.0117711718169559E+001
 1.7150000000000002E+001  6.1954148884184164E+001
 1.7199999999999999E+001  6.3743183566332405E+001
 1.7250000000000000E+001  6.5145326475248865E+001
 1.7300000000000001E+001  6.6062465999188319E+001
 1.7350000000000001E+001  6.7035730488135556E+001
 1.7400000000000002E+001  6.7705368104099094E+001
 1.7449999999999999E+001  6.8102023021886552E+001
 1.7500000000000000E+001  6.8356177526810001E+001
 1.7550000000000001E+001  6.8920109824309804E+001
 1.7600000000000001E+001  6.9239885104842827E+001
 1.7650000000000002E+001  6.8991571085452591E+001
 1.7699999999999999E+001  6.7806566365299147E+001
 1.7750000000000000E+001  6.5858756174113708E+001
 1.7800000000000001E+001  6.4144800658448418E+001
 1.7850000000000001E+001  6.3054827950948635E+001
 1.7900000000000002E+001  6.2529447873711291E+001
 1.7949999999999999E+001  6.2089149039370682E+001
 1.8000000000000000E+001  6.2494522895759104E+001
 1.8050000000000001E+001  6.2631362997252488E+001
 1.8100000000000001E+001  6.3155964595485877E+001
 1.8150000000000002E+001  6.4009424492420933E+001
 1.8199999999999999E+001  6.5175445886127406E+001
 1.8250000000000000E+001  6.6021408181257527E+001
 1.8300000000000001E+001  6.6843152362533175E+001
 1.8350000000000001E+001  6.7523199922894051E+001
 1.8400000000000002E+001  6.7491176642526341E+001
 1.8449999999999999E+001  6.7545083746652466E+001
 1.8500000000000000E+001  6.6027955033610539E+001
 1.8550000000000001E+001  6.4900476243300574E+001
 1.8600000000000001E+001  6.4172723230122614E+001
 1.8650000000000002E+001  6.4799935408392443E+001
 1.8699999999999999E+001  6.6172521369927580E+001
 1.8750000000000000E+001  6.7947311964019391E+001
 1.8800000000000001E+001  7.0606638432393453E+001
 1.8850000000000001E+001  7.3357324087122905E+001
 1.8900000000000002E+001  7.6245604494982516E+001
 1.8949999999999999E+001  7.8054630115266079E+001
 1.9000000000000000E+001  7.9240999440134544E+001
 1.9050000000000001E+001  7.8856625583912717E+001
 1.9100000000000001E+001  7.8066210451172950E+001
 1.9150000000000002E+001  7.6571041898240964E+001
 1.9200000000000003E+001  7.5314005850528659E+001
 1.9250000000000000E+001  7.4956689968731609E+001
 1.9300000000000001E+001  7.4855522173184468E+001
 1.9350000000000001E+001  7.4367932576752509E+001
 1.9400000000000002E+001  7.4135197963048810E+001
 1.9450000000000003E+001  7.4085998996939324E+001
 1.9500000000000000E+001  7.3139146225240509E+001
 1.9550000000000001E+001  7.2362857550660408E+001
 1.9600000000000001E+001  7.1726616560871221E+001
 1.9650000000000002E+001  7.0884732580045181E+001
 1.9700000000000003E+001  6.9649610258004643E+001
 1.9750000000000000E+001  6.7186582478006756E+001
 1.9800000000000001E+001  6.4902072743825769E+001
 1.9850000000000001E+001  6.2945673700644669E+001
 1.9900000000000002E+001  6.2130261965180289E+001
 1.9950000000000003E+001  6.2037394252455861E+001
 2.0000000000000000E+001  6.2661834164843476E+001
 2.0050000000000001E+001  6.4031478281034140E+001
 2.0100000000000001E+001  6.5388278928688933E+001
 2.0150000000000002E+001  6.6420211320597531E+001
 2.0200000000000003E+001  6.6782026446550191E+001
 2.0250000000000000E+001  6.7168533163186865E+001
 2.0300000000000001E+001  6.7084036028257401E+001
 2.0350000000000001E+001  6.6216350120615289E+001
 2.0400000000000002E+001  6.5583953446157864E+001
 2.0450000000000003E+001  6.5348231868693119E+001
 2.0500000000000000E+001  6.5027052618097429E+001
 2.0550000000000001E+001  6.4661376666612924E+001
 2.0600000000000001E+001  6.3925038874801785E+001
 2.0650000000000002E+001  6.3383634242165009E+001
 2.0700000000000003E+001  6.3493892283233208E+001
 2.0750000000000000E+001  6.3197099982496965E+001
 2.0800000000000001E+001  6.3001725180185090E+001
 2.0850000000000001E+001  6.3097632115875925E+001
 2.0900000000000002E+001  6.3650549852700728E+001
 2.0950000000000003E+001  6.4424624847506138E+001
 2.1000000000000000E+001  6.4627905284785570E+001
 2.1050000000000001E+001  6.5214133580191742E+001
 2.1100000000000001E+001  6.5751526690046646E+001
 2.1150000000000002E+001  6.6523635290185638E+001
 2.1200000000000003E+001  6.8686944361693207E+001
 2.1250000000000000E+001  7.1892428264727059E+001
 2.1300000000000001E+001  7.4750696186892881E+001
 2.1350000000000001E+001  7.7191913636027465E+001
 2.1400000000000002E+001  7.8846639688503359E+001
 2.1450000000000003E+001  7.9561914852048872E+001
 2.1500000000000000E+001  7.9261099078945094E+001
 2.1550000000000001E+001  7.8998590831924943E+001
 2.1600000000000001E+001  7.8348192699316968E+001
 2.1650000000000002E+001  7.7196540579587591E+001
 2.1700000000000003E+001  7.6337618046623732E+001
 2.1750000000000000E+001  7.5721309594490620E+001
 2.1800000000000001E+001  7.5554319277410841E+001
 2.1850000000000001E+001  7.5118299654980888E+001
 2.1900000000000002E+001  7.4825626214163009E+001
 2.1950000000000003E+001  7.4371823251956599E+001
 2.2000000000000000E+001  7.3866398432120036E+001
 2.2050000000000001E+001  7.3335476085743423E+001
 2.2100000000000001E+001  7.3467430510353026E+001
 2.2150000000000002E+001  7.3938768045339003E+001
 2.2200000000000003E+001  7.3633707492737017E+001
 2.2250000000000000E+001  7.3220532726395234E+001
 2.2300000000000001E+001  7.2663464862575580E+001
 2.2350000000000001E+001  7.1204819886956514E+001
 2.2400000000000002E+001  6.9069279039656863E+001
 2.2450000000000003E+001  6.7484826800017430E+001
 2.2500000000000000E+001  6.6087528474781010E+001
 2.2550000000000001E+001  6.5061337216390100E+001
 2.2600000000000001E+001  6.4758612111759831E+001
 2.2650000000000002E+001  6.4127657637254629E+001
 2.2700000000000003E+001  6.3044312502374602E+001
 2.2750000000000000E+001  6.2276366299042436E+001
 2.2800000000000001E+001  6.2080698172956303E+001
 2.2850000000000001E+001  6.1567272897311788E+001
 2.2900000000000002E+001  6.1257224577509028E+001
 2.2950000000000003E+001  6.1138947550944387E+001
 2.3000000000000000E+001  6.1418756512085366E+001
 2.3050000000000001E+001  6.2155260277944684E+001
 2.3100000000000001E+001  6.3183093441098457E+001
 2.3150000000000002E+001  6.4070456252595690E+001
 2.3200000000000003E+001  6.4457889691812525E+001
 2.3250000000000000E+001  6.4680367373651009E+001
 2.3300000000000001E+001  6.4895215036423423E+001
 2.3350000000000001E+001  6.4498214718746723E+001
 2.3400000000000002E+001  6.3940453060528931E+001
 2.3450000000000003E+001  6.3098114469743088E+001
 2.3500000000000000E+001  6.2050069062688046E+001
 2.3550000000000001E+001  6.0860803024648867E+001
 2.3600000000000001E+001  6.0116180978619369E+001
 2.3650000000000002E+001  5.9778478512022176E+001
 2.3700000000000003E+001  5.8868698128130788E+001
 2.3750000000000000E+001  5.7842314480096562E+001
 2.3800000000000001E+001  5.7465135042531429E+001
 2.3850000000000001E+001  5.7068473371279659E+001
 2.3900000000000002E+001  5.6766690572807804E+001
 2.3950000000000003E+001  5.6612603070340199E+001
 2.4000000000000000E+001  5.6531151821189340E+001
 2.4050000000000001E+001  5.6633269787855504E+001
 2.4100000000000001E+001  5.7192954964218302E+001
 2.4150000000000002E+001  5.7239335286891333E+001
 2.4200000000000003E+001  5.7398191369607211E+001
 2.4250000000000000E+001  5.6955098561541007E+001
 2.4300000000000001E+001  5.6955866051495207E+001
 2.4350000000000001E+001  5.7191643314363994E+001
 2.4400000000000002E+001  5.7423733776605140E+001
 2.4450000000000003E+001  5.7407499427399280E+001
 2.4500000000000000E+001  5.7427425542580295E+001
 2.4550000000000001E+001  5.6807501808357493E+001
 2.4600000000000001E+001  5.5902390430383107E+001
 2.4650000000000002E+001  5.4483776635207697E+001
 2.4700000000000003E+001  5.3203438535632827E+001
 2.4750000000000000E+001  5.2767308128949580E+001
 2.4800000000000001E+001  5.2249609044300314E+001
 2.4850000000000001E+001  5.1699198230548028E+001
 2.4900000000000002E+001  5.2017784764929729E+001
 2.4950000000000003E+001  5.2539388424415549E+001
 2.5000000000000000E+001  5.2521486863632582E+001
 2.5050000000000001E+001  5.2943792928662234E+001
 2.5100000000000001E+001  5.3211058083310512E+001
 2.5150000000000002E+001  5.3015212432666551E+001
 2.5200000000000003E+001  5.2520341191240007E+001
 2.5250000000000000E+001  5.1739903648740103E+001
 2.5300000000000001E+001  5.1317527025459107E+001
 2.5350000000000001E+001  5.0158044709654895E+001
 2.5400000000000002E+001  4.9850834657767443E+001
 2.5450000000000003E+001  4.9371755550052136E+001
 2.5500000000000000E+001  4.9013311128101641E+001
 2.5550000000000001E+001  4.8649189871462170E+001
 2.5600000000000001E+001  4.8508246779224947E+001
 2.5650000000000002E+001  4.8562238350401714E+001
 2.5700000000000003E+001  4.8711598277552120E+001
 2.5750000000000000E+001  4.8640308438333825E+001
 2.5800000000000001E+001  4.8784027371870970E+001
 2.5850000000000001E+001  4.9096785235153831E+001
 2.5900000000000002E+001  4.9231919277789970E+001
 2.5950000000000003E+001  4.9047036212124716E+001
 2.6000000000000000E+001  4.9024660995559600E+001
 2.6050000000000001E+001  4.8969356979885561E+001
 2.6100000000000001E+001  4.8619445723077590E+001
 2.6150000000000002E+001  4.8024862125342359E+001
 2.6200000000000003E+001  4.7674409413701063E+001
 2.6250000000000000E+001  4.7268855439269899E+001
 2.6300000000000001E+001  4.6840002674160459E+001
 2.6350000000000001E+001  4.6735942067570022E+001
 2.6400000000000002E+001  4.6151732063836903E+001
 2.6450000000000003E+001  4.6246836199944902E+001
 2.6500000000000000E+001  4.6138678169903535E+001
 2.6550000000000001E+001  4.5775655177390917E+001
 2.6600000000000001E+001  4.5506013005729230E+001
 2.6650000000000002E+001  4.5558582261848670E+001
 2.6700000000000003E+001  4.6183187905047731E+001
 2.6750000000000000E+001  4.6288085137900161E+001
 2.6800000000000001E+001  4.6436380304125954E+001
 2.6850000000000001E+001  4.6296788305838234E+001
 2.6900000000000002E+001  4.6156289736871713E+001
 2.6950000000000003E+001  4.6433229748668410E+001
 2.7000000000000000E+001  4.6613274100960204E+001
 2.7050000000000001E+001  4.6754991218851821E+001
 2.7100000000000001E+001  4.6485011694548454E+001
 2.7150000000000002E+001  4.6087795635145611E+001
 2.7200000000000003E+001  4.5825173112918257E+001
 2.7250000000000000E+001  4.5340517063819092E+001
 2.7300000000000001E+001  4.5463396924658561E+001
 2.7350000000000001E+001  4.4805855738287001E+001
 2.7400000000000002E+001  4.4004900588774774E+001
 2.7450000000000003E+001  4.3905765417632097E+001
 2.7500000000000000E+001  4.3664033390120338E+001
 2.7550000000000001E+001  4.3332442248029139E+001
 2.7600000000000001E+001  4.3269555516917166E+001
 2.7650000000000002E+001  4.3184556096493736E+001
 2.7700000000000003E+001  4.2802567263390081E+001
 2.7750000000000000E+001  4.2903044643272210E+001
 2.7800000000000001E+001  4.2600279157408764E+001
 2.7850000000000001E+001  4.2422674555191868E+001
 2.7900000000000002E+001  4.1942100879934081E+001
 2.7950000000000003E+001  4.1414255252041855E+001
 2.8000000000000000E+001  4.1513407117379565E+001
 2.8050000000000001E+001  4.1291288429161099E+001
 2.8100000000000001E+001  4.0807354015616959E+001
 2.8150000000000002E+001  4.0801241385305843E+001
 2.8200000000000003E+001  4.0994716103330212E+001
 2.8250000000000000E+001  4.0986112967113392E+001
 2.8300000000000001E+001  4.1111771139985194E+001
 2.8350000000000001E+001  4.1049953299440951E+001
 2.8400000000000002E+001  4.1261424875547398E+001
 2.8450000000000003E+001  4.1322668560572247E+001
 2.8500000000000000E+001  4.1411812182678332E+001
 2.8550000000000001E+001  4.0683300557513206E+001
 2.8600000000000001E+001  4.0195198973483890E+001
 2.8650000000000002E+001  4.0163381450647385E+001
 2.8700000000000003E+001  4.0094975716784795E+001
 2.8750000000000000E+001  4.0051872512865998E+001
 2.8800000000000001E+001  3.9638281253228342E+001
 2.8850000000000001E+001  3.9659818655936228E+001
 2.8900000000000002E+001  3.9516793605295412E+001
 2.8950000000000003E+001  3.9414144224201408E+001
 2.9000000000000000E+001  3.9489242725582862E+001
 2.9050000000000001E+001  3.9844071509223440E+001
 2.9100000000000001E+001  3.9881735361812716E+001
 2.9150000000000002E+001  3.9915238405041194E+001
 2.9200000000000003E+001  4.0079951460396238E+001
 2.9250000000000000E+001  4.0172229519837131E+001
 2.9300000000000001E+001  4.0219573984769987E+001
 2.9350000000000001E+001  4.0002076627360921E+001
 2.9400000000000002E+001  3.9925571265385329E+001
 2.9450000000000003E+001  3.9395429144209047E+001
 2.9500000000000000E+001  3.8929039732667704E+001
 2.9550000000000001E+001  3.9025255835221969E+001
 2.9600000000000001E+001  3.9297059144740068E+001
 2.9650000000000002E+001  3.9027528000981356E+001
 2.9700000000000003E+001  3.8894075540917683E+001
 2.9750000000000000E+001  3.8321039899048152E+001
 2.9800000000000001E+001  3.8501587745589653E+001
 2.9850000000000001E+001  3.8659759591220798E+001
 2.9900000000000002E+001  3.8696476483836982E+001
 2.9950000000000003E+001  3.8757513584772838E+001
 3.0000000000000000E+001  3.9281681949489368E+001
 3.0050000000000001E+001  3.9242678081971441E+001
 3.0100000000000001E+001  3.8872893611489005E+001
 3.0150000000000002E+001  3.8576302264251616E+001
 3.0200000000000003E+001  3.8816962150728848E+001
 3.0250000000000000E+001  3.8577657576281595E+001
 3.0300000000000001E+001  3.8685070611505473E+001
 3.0350000000000001E+001  3.8444605635043303E+001
 3.0400000000000002E+001  3.8493548672828943E+001
 3.0450000000000003E+001  3.8430083521055273E+001
 3.0500000000000000E+001  3.8348895003236827E+001
 3.0550000000000001E+001  3.8488372551916711E+001
 3.0600000000000001E+001  3.8721207940439577E+001
 3.0650000000000002E+001  3.9065515180686312E+001
 3.0700000000000003E+001  3.9429848544972963E+001
 3.0750000000000000E+001  3.9000028510383174E+001
 3.0800000000000001E+001  3.8811822486500709E+001
 3.0850000000000001E+001  3.9204365337830161E+001
 3.0900000000000002E+001  3.9462736648521172E+001
 3.0950000000000003E+001  3.9388593192639249E+001
 3.1000000000000000E+001  3.8698183499348445E+001
 3.1050000000000001E+001  3.8870444200500984E+001
 3.1100000000000001E+001  3.9355426742630861E+001
 3.1150000000000002E+001  3.9496897241095446E+001
 3.1200000000000003E+001  3.9620938452702148E+001
 3.1250000000000000E+001  3.9420105999866273E+001
 3.1300000000000001E+001  3.9448130453892468E+001
 3.1350000000000001E+001  3.9090005660431714E+001
 3.1400000000000002E+001  3.9065842188331857E+001
 3.1450000000000003E+001  3.9210333327555730E+001
 3.1500000000000000E+001  3.9399308587432266E+001
 3.1550000000000001E+001  3.9695236802682231E+001
 3.1600000000000001E+001  3.9987463072897491E+001
 3.1650000000000002E+001  3.9809922839679658E+001
 3.1700000000000003E+001  3.9440286968810405E+001
 3.1750000000000000E+001  3.9756219185220807E+001
 3.1800000000000001E+001  3.9979702102803707E+001
 3.1850000000000001E+001  3.9850234849841023E+001
 3.1900000000000002E+001  3.9684421689082939E+001
 3.1950000000000003E+001  3.9887796803362797E+001
 3.2000000000000000E+001  4.0355597741278771E+001
 3.2050000000000004E+001  4.0481405775760514E+001
 3.2100000000000001E+001  4.0185486301263488E+001
 3.2149999999999999E+001  4.0562073659915534E+001
 3.2200000000000003E+001  4.0394772541800528E+001
 3.2250000000000000E+001  4.0278936389139979E+001
 3.2300000000000004E+001  4.0339666450327854E+001
 3.2350000000000001E+001  4.0501940650611118E+001
 3.2399999999999999E+001  4.0838554096964764E+001
 3.2450000000000003E+001  4.0884836543757409E+001
 3.2500000000000000E+001  4.0802172103706837E+001
 3.2550000000000004E+001  4.0980013385450945E+001
 3.2600000000000001E+001  4.1129225649237029E+001
 3.2649999999999999E+001  4.1307341613722464E+001
 3.2700000000000003E+001  4.1017056993263566E+001
 3.2750000000000000E+001  4.0968522116821951E+001
 3.2800000000000004E+001  4.0741606021642120E+001
 3.2850000000000001E+001  4.0579383575934088E+001
 3.2899999999999999E+001  4.0923029033763839E+001
 3.2950000000000003E+001  4.0755582871469677E+001
 3.3000000000000000E+001  4.0953621667220631E+001
 3.3050000000000004E+001  4.1214691086539169E+001
 3.3100000000000001E+001  4.1075392905279244E+001
 3.3149999999999999E+001  4.0998226340929264E+001
 3.3200000000000003E+001  4.0991740726675530E+001
 3.3250000000000000E+001  4.0536674870331510E+001
 3.3300000000000004E+001  4.0319673148396078E+001
 3.3350000000000001E+001  4.0513142103206619E+001
 3.3399999999999999E+001  4.0346574154315086E+001
 3.3450000000000003E+001  4.0323092306346304E+001
 3.3500000000000000E+001  3.9930845568391184E+001
 3.3550000000000004E+001  3.9582060408880849E+001
 3.3600000000000001E+001  3.9527215068567806E+001
 3.3649999999999999E+001  3.9299334413476998E+001
 3.3700000000000003E+001  3.9374504829746442E+001
 3.3750000000000000E+001  3.9245444980097957E+001
 3.3800000000000004E+001  3.9092805020610399E+001
 3.3850000000000001E+001  3.8880073745198047E+001
 3.3899999999999999E+001  3.9065860095663361E+001
 3.3950000000000003E+001  3.8887212970240085E+001
 3.4000000000000000E+001  3.9225496945587011E+001
 3.4050000000000004E+001  3.9236536184826065E+001
 3.4100000000000001E+001  3.9485347414950532E+001
 3.4149999999999999E+001  3.9707817502250080E+001
 3.4200000000000003E+001  3.9488811336401518E+001
 3.4250000000000000E+001  3.9590019373908461E+001
 3.4300000000000004E+001  3.9336115366818909E+001
 3.4350000000000001E+001  3.9376970545851108E+001
 3.4399999999999999E+001  3.9480437554312566E+001
 3.4450000000000003E+001  3.9412081708274258E+001
 3.4500000000000000E+001  3.9244731008198201E+001
 3.4550000000000004E+001  3.9304515255287733E+001
 3.4600000000000001E+001  3.9338320747622859E+001
 3.4649999999999999E+001  3.9147213676191285E+001
 3.4700000000000003E+001  3.8631311815935128E+001
 3.4750000000000000E+001  3.8923014817018576E+001
 3.4800000000000004E+001  3.8841787416799633E+001
 3.4850000000000001E+001  3.8698358848168233E+001
 3.4899999999999999E+001  3.9324996211487914E+001
 3.4950000000000003E+001  3.9433580266550372E+001
 3.5000000000000000E+001  3.9063840835198775E+001
 3.5050000000000004E+001  3.8933732136418286E+001
 3.5100000000000001E+001  3.9516236691597229E+001
 3.5149999999999999E+001  3.9362893656835794E+001
 3.5200000000000003E+001  3.9282171799629047E+001
 3.5250000000000000E+001  3.9221632064557319E+001
 3.5300000000000004E+001  3.9139800140972937E+001
 3.5350000000000001E+001  3.8122728665889738E+001
 3.5399999999999999E+001  3.8444138176596837E+001
 3.5450000000000003E+001  3.8417741882015598E+001
 3.5500000000000000E+001  3.7854919543887519E+001
 3.5550000000000004E+001  3.7505588103717841E+001
 3.5600000000000001E+001  3.7870820148265246E+001
 3.5649999999999999E+001  3.7617991910530698E+001
 3.5700000000000003E+001  3.7590344815928304E+001
 3.5750000000000000E+001  3.7362378416047598E+001
 3.5800000000000004E+001  3.6798241595809209E+001
 3.5850000000000001E+001  3.5846980092280731E+001
 3.5899999999999999E+001  3.6246133499873551E+001
 3.5950000000000003E+001  3.6548390015530529E+001
 3.6000000000000000E+001  3.6613400168671333E+001
 3.6050000000000004E+001  3.6139261209094180E+001
 3.6100000000000001E+001  3.5976110700030446E+001
 3.6149999999999999E+001  3.5890104637762875E+001
 3.6200000000000003E+001  3.6041238161758045E+001
 3.6250000000000000E+001  3.6369338755283351E+001
 3.6300000000000004E+001  3.6168678241463823E+001
 3.6350000000000001E+001  3.5705591890745119E+001
 3.6399999999999999E+001  3.5729569399489201E+001
 3.6450000000000003E+001  3.5194013438609971E+001
 3.6500000000000000E+001  3.5473957180487908E+001
 3.6550000000000004E+001  3.5796849674483070E+001
 3.6600000000000001E+001  3.5795851707636160E+001
 3.6649999999999999E+001  3.5613161909423468E+001
 3.6700000000000003E+001  3.5545616468641484E+001
 3.6750000000000000E+001  3.5803638235450926E+001
 3.6800000000000004E+001  3.6098826004721666E+001
 3.6850000000000001E+001  3.6251023425318287E+001
 3.6899999999999999E+001  3.5882218067386049E+001
 3.6950000000000003E+001  3.6063430531861520E+001
 3.7000000000000000E+001  3.6504357379615563E+001
 3.7050000000000004E+001  3.6071781545271470E+001
 3.7100000000000001E+001  3.6135074709150061E+001
 3.7149999999999999E+001  3.5430951612624924E+001
 3.7200000000000003E+001  3.5838615845150727E+001
 3.7250000000000000E+001  3.5456863065551872E+001
 3.7300000000000004E+001  3.5489540939170602E+001
 3.7350000000000001E+001  3.4938336727016363E+001
 3.7399999999999999E+001  3.5390365530829989E+001
 3.7450000000000003E+001  3.5741780256962656E+001
 3.7500000000000000E+001  3.5720145782039069E+001
 3.7550000000000004E+001  3.5139290844250368E+001
 3.7600000000000001E+001  3.5154151129124877E+001
 3.7649999999999999E+001  3.5424193070719561E+001
 3.7700000000000003E+001  3.5049439584628182E+001
 3.7750000000000000E+001  3.5040119495078663E+001
 3.7800000000000004E+001  3.4877515943514808E+001
 3.7850000000000001E+001  3.4856054119357132E+001
 3.7899999999999999E+001  3.4518683267652747E+001
 3.7950000000000003E+001  3.4216165151174764E+001
 3.8000000000000000E+001  3.4734730961477567E+001
 3.8050000000000004E+001  3.4868573136009033E+001
 3.8100000000000001E+001  3.4756896499915804E+001
 3.8149999999999999E+001  3.4777009183230021E+001
 3.8200000000000003E+001  3.5258595298756042E+001
 3.8250000000000000E+001  3.5064802194346342E+001
 3.8300000000000004E+001  3.4220923970189084E+001
 3.8350000000000001E+001  3.4197975144648517E+001
 3.8400000000000006E+001  3.3713871692804489E+001
 3.8450000000000003E+001  3.4017176168102942E+001
 3.8500000000000000E+001  3.4432292716950364E+001
 3.8550000000000004E+001  3.3949161739701061E+001
 3.8600000000000001E+001  3.3191151560665077E+001
 3.8650000000000006E+001  3.3266110232301905E+001
 3.8700000000000003E+001  3.3572807850699903E+001
 3.8750000000000000E+001  3.4226181803493994E+001
 3.8800000000000004E+001  3.3918046324008827E+001
 3.8850000000000001E+001  3.4763334383156447E+001
 3.8900000000000006E+001  3.4655414538615425E+001
 3.8950000000000003E+001  3.2920308218898221E+001
 3.9000000000000000E+001  3.3207198603802624E+001
 3.9050000000000004E+001  3.3636017660586411E+001
 3.9100000000000001E+001  3.3243676482392807E+001
 3.9150000000000006E+001  3.3386137918294438E+001
 3.9200000000000003E+001  3.2399224940761272E+001
 3.9250000000000000E+001  3.1255017675780266E+001
 3.9300000000000004E+001  3.2421686445581372E+001
 3.9350000000000001E+001  3.2181610699351694E+001
 3.9400000000000006E+001  3.1662528998031881E+001
 3.9450000000000003E+001  3.2532839031598535E+001
 3.9500000000000000E+001  3.3089737086616672E+001
 3.9550000000000004E+001  3.2723522309437804E+001
 3.9600000000000001E+001  3.2272979069497261E+001
 3.9650000000000006E+001  3.2069330030785444E+001
 3.9700000000000003E+001  3.3060909689287421E+001
 3.9750000000000000E+001  3.1986589553520826E+001
 3.9800000000000004E+001  3.1880271680076138E+001
 3.9850000000000001E+001  3.3365256127509213E+001
 3.9900000000000006E+001  3.2814516411400227E+001
 3.9950000000000003E+001  3.2259675508583840E+001
 4.0000000000000000E+001  3.2481043698918469E+001
 4.0050000000000004E+001  3.2894913007551843E+001
 4.0100000000000001E+001  3.2993762111546268E+001
 4.0150000000000006E+001  3.2742259438929594E+001
 4.0200000000000003E+001  3.3049512497026669E+001
 4.0250000000000000E+001  3.3354421465217669E+001
 4.0300000000000004E+001  3.2570348179298030E+001
 4.0350000000000001E+001  3.1367537490893568E+001
 4.0400000000000006E+001  3.1008047487847396E+001
 4.0450000000000003E+001  3.0450222389608154E+001
 4.0500000000000000E+001  3.1005290959398298E+001
 4.0550000000000004E+001  3.0922929461857514E+001
 4.0600000000000001E+001  3.1265505269548800E+001
 4.0650000000000006E+001  3.2348934647125269E+001
 4.0700000000000003E+001  3.0771962410759883E+001
 4.0750000000000000E+001  3.0611229932571110E+001
 4.0800000000000004E+001  3.2706553158985173E+001
 4.0850000000000001E+001  3.5541141523606690E+001
 4.0900000000000006E+001  3.4915392529291971E+001
 4.0950000000000003E+001  3.5541902101711621E+001
 4.1000000000000000E+001  3.7570847688687493E+001
 4.1050000000000004E+001  3.5792763196775546E+001
 4.1100000000000001E+001  3.4479445238172282E+001
 4.1150000000000006E+001  3.7103591506108273E+001
 4.1200000000000003E+001  3.7637218771665864E+001
 4.1250000000000000E+001  3.2134555265906236E+001
