 2.4000000000000004E+000  1.1684227159364410E+001
 2.4500000000000002E+000  1.1494515918525124E+001
 2.5000000000000000E+000  1.2949259315026531E+001
 2.5500000000000003E+000  1.4253643223317868E+001
 2.6000000000000001E+000  1.5700947052208075E+001
 2.6500000000000004E+000  1.8599495332794376E+001
 2.7000000000000002E+000  2.3791053100417187E+001
 2.7500000000000000E+000  4.3007604303604332E+001
 2.8000000000000003E+000  1.0768085194870238E+002
 2.8500000000000001E+000  2.2769923912427711E+002
 2.9000000000000004E+000  3.4957832937183713E+002
 2.9500000000000002E+000  4.9290651634382266E+002
 3.0000000000000000E+000  6.4437828244207662E+002
 3.0500000000000003E+000  7.1963214601981986E+002
 3.1000000000000001E+000  6.9699408397166223E+002
 3.1500000000000004E+000  5.6190098465261394E+002
 3.2000000000000002E+000  3.9045089606360438E+002
 3.2500000000000000E+000  2.7463052210086659E+002
 3.3000000000000003E+000  2.1714695237485705E+002
 3.3500000000000001E+000  1.9425082081024587E+002
 3.4000000000000004E+000  1.9716587433267463E+002
 3.4500000000000002E+000  2.2032747557485129E+002
 3.5000000000000000E+000  2.6941878502932815E+002
 3.5500000000000003E+000  3.1595392529046808E+002
 3.6000000000000001E+000  3.1324494358371419E+002
 3.6500000000000004E+000  2.6033376963610323E+002
 3.7000000000000002E+000  2.1134486161110092E+002
 3.7500000000000000E+000  1.8393663316032649E+002
 3.8000000000000003E+000  1.8529686201643025E+002
 3.8500000000000001E+000  1.9770324762700000E+002
 3.9000000000000004E+000  2.1911801504737076E+002
 3.9500000000000002E+000  2.1078793207868029E+002
 4.0000000000000000E+000  1.7648370799187060E+002
 4.0499999999999998E+000  1.3705496346725039E+002
 4.1000000000000005E+000  1.0227954806750333E+002
 4.1500000000000004E+000  7.5658397355029777E+001
 4.2000000000000002E+000  5.8192945145820282E+001
 4.2500000000000000E+000  4.7301816449378741E+001
 4.2999999999999998E+000  3.9939078507261740E+001
 4.3500000000000005E+000  3.4859617920317923E+001
 4.4000000000000004E+000  3.2166116504377037E+001
 4.4500000000000002E+000  3.2029174201366317E+001
 4.5000000000000000E+000  3.3264133944451402E+001
 4.5499999999999998E+000  3.5330002299094453E+001
 4.6000000000000005E+000  3.7557671618482679E+001
 4.6500000000000004E+000  4.0727467896347115E+001
 4.7000000000000002E+000  4.2823997767778678E+001
 4.7500000000000000E+000  4.5770692188598282E+001
 4.8000000000000007E+000  4.9643366082144993E+001
 4.8500000000000005E+000  5.3669613064361350E+001
 4.9000000000000004E+000  5.4828447933416086E+001
 4.9500000000000002E+000  5.1854094472630521E+001
 5.0000000000000000E+000  4.7953258313058249E+001
 5.0500000000000007E+000  4.7510362212020055E+001
 5.1000000000000005E+000  5.2075020686496515E+001
 5.1500000000000004E+000  6.1378800700125652E+001
 5.2000000000000002E+000  7.4223188498517004E+001
 5.2500000000000000E+000  8.9070276475015447E+001
 5.3000000000000007E+000  1.0378316542080178E+002
 5.3500000000000005E+000  1.1268580109665702E+002
 5.4000000000000004E+000  1.1370065998754639E+002
 5.4500000000000002E+000  1.0650697027785638E+002
 5.5000000000000000E+000  9.6165785990968658E+001
 5.5500000000000007E+000  8.6255356883059918E+001
 5.6000000000000005E+000  7.9128620257379012E+001
 5.6500000000000004E+000  7.6610010039186477E+001
 5.7000000000000002E+000  7.6623957300189758E+001
 5.7500000000000000E+000  7.8436656000294377E+001
 5.8000000000000007E+000  8.4511717277998258E+001
 5.8500000000000005E+000  9.6842319891399825E+001
 5.9000000000000004E+000  1.1510956911473208E+002
 5.9500000000000002E+000  1.3456091246683241E+002
 6.0000000000000000E+000  1.5170960635010564E+002
 6.0500000000000007E+000  1.6075677493536665E+002
 6.1000000000000005E+000  1.5729447446005534E+002
 6.1500000000000004E+000  1.4663101999180756E+002
 6.2000000000000002E+000  1.3008497751190507E+002
 6.2500000000000000E+000  1.0961347752095860E+002
 6.3000000000000007E+000  9.2528780972656378E+001
 6.3500000000000005E+000  8.2179925289130892E+001
 6.4000000000000004E+000  7.5647739813010816E+001
 6.4500000000000002E+000  7.1290255945768820E+001
 6.5000000000000000E+000  6.8814296344917423E+001
 6.5500000000000007E+000  6.7742649668562251E+001
 6.6000000000000005E+000  6.7117191144554440E+001
 6.6500000000000004E+000  6.7007848346839893E+001
 6.7000000000000002E+000  6.8572813072069820E+001
 6.7500000000000000E+000  7.1641077407502792E+001
 6.8000000000000007E+000  7.7057560140676557E+001
 6.8500000000000005E+000  8.3055797391550911E+001
 6.9000000000000004E+000  8.6688402646489976E+001
 6.9500000000000002E+000  8.6204231753855993E+001
 7.0000000000000000E+000  8.2027255032416377E+001
 7.0500000000000007E+000  7.7801992546830405E+001
 7.1000000000000005E+000  7.5047646529114274E+001
 7.1500000000000004E+000  7.3792410763017031E+001
 7.2000000000000002E+000  7.3052367725211212E+001
 7.2500000000000000E+000  7.1048790590378431E+001
 7.3000000000000007E+000  6.8379690412502882E+001
 7.3500000000000005E+000  6.7070165976054454E+001
 7.4000000000000004E+000  6.7422499232040465E+001
 7.4500000000000002E+000  6.8964709901811560E+001
 7.5000000000000000E+000  7.2247546012441504E+001
 7.5500000000000007E+000  7.7083040476486985E+001
 7.6000000000000005E+000  8.4359838952966882E+001
 7.6500000000000004E+000  9.2770826270123095E+001
 7.7000000000000002E+000  1.0292562394558873E+002
 7.7500000000000000E+000  1.1445025169295214E+002
 7.8000000000000007E+000  1.2531936916314511E+002
 7.8500000000000005E+000  1.3436130795809453E+002
 7.9000000000000004E+000  1.4069977139161148E+002
 7.9500000000000002E+000  1.4419463822289521E+002
 8.0000000000000000E+000  1.4785333441683142E+002
 8.0500000000000007E+000  1.5272754078890006E+002
 8.0999999999999996E+000  1.5756536657250902E+002
 8.1500000000000004E+000  1.5990247739081528E+002
 8.2000000000000011E+000  1.5777314157548400E+002
 8.2500000000000000E+000  1.5368915643114042E+002
 8.3000000000000007E+000  1.4831509045284383E+002
 8.3499999999999996E+000  1.4396959710464967E+002
 8.4000000000000004E+000  1.3935879455396307E+002
 8.4500000000000011E+000  1.3678686189426818E+002
 8.5000000000000000E+000  1.3667920168959026E+002
 8.5500000000000007E+000  1.3709704041310684E+002
 8.5999999999999996E+000  1.3699232870157260E+002
 8.6500000000000004E+000  1.3564262448370175E+002
 8.7000000000000011E+000  1.3197844884103139E+002
 8.7500000000000000E+000  1.2475333581908491E+002
 8.8000000000000007E+000  1.1639708681062589E+002
 8.8499999999999996E+000  1.1053912198733235E+002
 8.9000000000000004E+000  1.0730224060123405E+002
 8.9500000000000011E+000  1.0702283749393234E+002
 9.0000000000000000E+000  1.0745984202528787E+002
 9.0500000000000007E+000  1.0667303219775066E+002
 9.0999999999999996E+000  1.0313077562494728E+002
 9.1500000000000004E+000  9.6668120419029904E+001
 9.2000000000000011E+000  9.0162076336973271E+001
 9.2500000000000000E+000  8.4295347658883927E+001
 9.3000000000000007E+000  7.9416454911596247E+001
 9.3499999999999996E+000  7.6088698745371119E+001
 9.4000000000000004E+000  7.4299344433924958E+001
 9.4500000000000011E+000  7.3365706851419830E+001
 9.5000000000000000E+000  7.2316476272986236E+001
 9.5500000000000007E+000  7.0845692826762914E+001
 9.6000000000000014E+000  6.9391131909402233E+001
 9.6500000000000004E+000  6.8084917595953613E+001
 9.7000000000000011E+000  6.7074220922199274E+001
 9.7500000000000000E+000  6.6330457348058161E+001
 9.8000000000000007E+000  6.4436280105701741E+001
 9.8500000000000014E+000  6.2999112966692785E+001
 9.9000000000000004E+000  6.2335824328360154E+001
 9.9500000000000011E+000  6.1205363500512497E+001
 1.0000000000000000E+001  5.9796987774039934E+001
 1.0050000000000001E+001  5.9058061842621065E+001
 1.0100000000000001E+001  5.9239366345795638E+001
 1.0150000000000000E+001  5.9321166180179254E+001
 1.0200000000000001E+001  6.0350239459552640E+001
 1.0250000000000000E+001  6.1832398548551637E+001
 1.0300000000000001E+001  6.2278307515437632E+001
 1.0350000000000001E+001  6.2939082947295141E+001
 1.0400000000000000E+001  6.4300124003273808E+001
 1.0450000000000001E+001  6.5707322952619094E+001
 1.0500000000000000E+001  6.6855506354629497E+001
 1.0550000000000001E+001  6.7888041458598209E+001
 1.0600000000000001E+001  6.8943356257604449E+001
 1.0650000000000000E+001  7.0317816048162541E+001
 1.0700000000000001E+001  7.3444735605349095E+001
 1.0750000000000000E+001  7.7307591793343761E+001
 1.0800000000000001E+001  8.1810807649875628E+001
 1.0850000000000001E+001  8.6275165195617419E+001
 1.0900000000000000E+001  9.0871848314956338E+001
 1.0950000000000001E+001  9.4607206543618162E+001
 1.1000000000000000E+001  9.6358681954881476E+001
 1.1050000000000001E+001  9.5643951648618327E+001
 1.1100000000000001E+001  9.1779588427796924E+001
 1.1150000000000000E+001  8.6417355361992591E+001
 1.1200000000000001E+001  8.3349800252448958E+001
 1.1250000000000000E+001  8.2052688494884876E+001
 1.1300000000000001E+001  8.2661764419995848E+001
 1.1350000000000001E+001  8.4096243874050089E+001
 1.1400000000000000E+001  8.5720058370784940E+001
 1.1450000000000001E+001  8.6060402278670892E+001
 1.1500000000000000E+001  8.4521399612919225E+001
 1.1550000000000001E+001  8.2549045664492752E+001
 1.1600000000000001E+001  7.9564221165449283E+001
 1.1650000000000000E+001  7.7100684095592385E+001
 1.1700000000000001E+001  7.5671326581111444E+001
 1.1750000000000000E+001  7.5346872807654066E+001
 1.1800000000000001E+001  7.6419748462249530E+001
 1.1850000000000001E+001  7.8544908779020076E+001
 1.1900000000000000E+001  8.2666331429362785E+001
 1.1950000000000001E+001  8.7496286887994955E+001
 1.2000000000000000E+001  9.2930866013907874E+001
 1.2050000000000001E+001  9.6979691214679733E+001
 1.2100000000000001E+001  9.8519548424329400E+001
 1.2150000000000000E+001  9.8690828788506863E+001
 1.2200000000000001E+001  9.7996363269689709E+001
 1.2250000000000000E+001  9.5808460306530762E+001
 1.2300000000000001E+001  9.0772850739317349E+001
 1.2350000000000001E+001  8.5978681282104901E+001
 1.2400000000000000E+001  8.2150504462819512E+001
 1.2450000000000001E+001  7.8382592901259741E+001
 1.2500000000000000E+001  7.6794413447025676E+001
 1.2550000000000001E+001  7.6062263934518711E+001
 1.2600000000000001E+001  7.6957269898187292E+001
 1.2650000000000000E+001  7.7739501797879882E+001
 1.2700000000000001E+001  7.9913371015652260E+001
 1.2750000000000000E+001  8.1493971599767391E+001
 1.2800000000000001E+001  8.2115490399928262E+001
 1.2850000000000001E+001  8.2188982474183533E+001
 1.2900000000000000E+001  8.1337417761865254E+001
 1.2950000000000001E+001  8.0477641337897637E+001
 1.3000000000000000E+001  7.8556331195943855E+001
 1.3050000000000001E+001  7.6193265909966030E+001
 1.3100000000000001E+001  7.3550496930873990E+001
 1.3150000000000000E+001  7.1535102133721949E+001
 1.3200000000000001E+001  6.9465035751665141E+001
 1.3250000000000000E+001  6.8354707707155427E+001
 1.3300000000000001E+001  6.8141870433284055E+001
 1.3350000000000001E+001  6.7930830184507741E+001
 1.3400000000000000E+001  6.8205537852033061E+001
 1.3450000000000001E+001  6.9235854967827194E+001
 1.3500000000000000E+001  7.0336367021295743E+001
 1.3550000000000001E+001  7.0848212723544279E+001
 1.3600000000000001E+001  7.1064178248488048E+001
 1.3650000000000000E+001  6.9814671613466757E+001
 1.3700000000000001E+001  6.8134589545091686E+001
 1.3750000000000000E+001  6.7124937363748458E+001
 1.3800000000000001E+001  6.7006717838787353E+001
 1.3850000000000001E+001  6.7266582898233068E+001
 1.3900000000000000E+001  6.8118182558616056E+001
 1.3950000000000001E+001  7.0083177932387343E+001
 1.4000000000000000E+001  7.2631150649625454E+001
 1.4050000000000001E+001  7.4432909865820235E+001
 1.4100000000000001E+001  7.5225968573894704E+001
 1.4150000000000000E+001  7.4944421623669072E+001
 1.4200000000000001E+001  7.3236089201683740E+001
 1.4250000000000000E+001  7.0893470682355641E+001
 1.4300000000000001E+001  6.9311696959725779E+001
 1.4350000000000001E+001  6.8459891977782078E+001
 1.4400000000000000E+001  6.7655830464425918E+001
 1.4450000000000001E+001  6.7788858412831658E+001
 1.4500000000000000E+001  6.7545389026478745E+001
 1.4550000000000001E+001  6.7329861314397803E+001
 1.4600000000000001E+001  6.6243752292467917E+001
 1.4650000000000000E+001  6.5201158226629985E+001
 1.4700000000000001E+001  6.4182370243901744E+001
 1.4750000000000000E+001  6.4087585003588742E+001
 1.4800000000000001E+001  6.3868154790831653E+001
 1.4850000000000001E+001  6.4172535979284930E+001
 1.4900000000000000E+001  6.4350074040484586E+001
 1.4950000000000001E+001  6.4736068255104470E+001
 1.5000000000000000E+001  6.5825549873113985E+001
 1.5050000000000001E+001  6.6489241723903831E+001
 1.5100000000000001E+001  6.6785835682165626E+001
 1.5150000000000000E+001  6.6418284528905033E+001
 1.5200000000000001E+001  6.5589822610428541E+001
 1.5250000000000000E+001  6.4924088898315262E+001
 1.5300000000000001E+001  6.4404626776637897E+001
 1.5350000000000001E+001  6.4145351522728731E+001
 1.5400000000000000E+001  6.4233285348392101E+001
 1.5450000000000001E+001  6.4170619248375104E+001
 1.5500000000000000E+001  6.3981295272920825E+001
 1.5550000000000001E+001  6.3942643202102822E+001
 1.5600000000000001E+001  6.4290022704015016E+001
 1.5650000000000000E+001  6.4288517598060395E+001
 1.5700000000000001E+001  6.4177387643997406E+001
 1.5750000000000000E+001  6.3578703753140474E+001
 1.5800000000000001E+001  6.2436925552625524E+001
 1.5850000000000001E+001  6.1811858772735150E+001
 1.5900000000000000E+001  6.1134533955921768E+001
 1.5950000000000001E+001  6.0588852512447303E+001
 1.6000000000000000E+001  6.0410404884406113E+001
 1.6050000000000001E+001  6.0271763976533933E+001
 1.6100000000000001E+001  6.0338044157835419E+001
 1.6150000000000002E+001  6.0941560790069609E+001
 1.6199999999999999E+001  6.1753715794139822E+001
 1.6250000000000000E+001  6.1737982636148999E+001
 1.6300000000000001E+001  6.1573617643135790E+001
 1.6350000000000001E+001  6.2272004411054930E+001
 1.6400000000000002E+001  6.2172748778831220E+001
 1.6449999999999999E+001  6.1984571800384252E+001
 1.6500000000000000E+001  6.1988575861036040E+001
 1.6550000000000001E+001  6.2199571250383755E+001
 1.6600000000000001E+001  6.3199249034589130E+001
 1.6650000000000002E+001  6.3988858730867172E+001
 1.6699999999999999E+001  6.5248873573889327E+001
 1.6750000000000000E+001  6.6433180759605605E+001
 1.6800000000000001E+001  6.7435566143333233E+001
 1.6850000000000001E+001  6.7039099560687617E+001
 1.6900000000000002E+001  6.6411277477409030E+001
 1.6949999999999999E+001  6.5724131592402784E+001
 1.7000000000000000E+001  6.4951244408658312E+001
 1.7050000000000001E+001  6.4401569447498915E+001
 1.7100000000000001E+001  6.4292602682988701E+001
 1.7150000000000002E+001  6.3925237954324615E+001
 1.7199999999999999E+001  6.3890713720804406E+001
 1.7250000000000000E+001  6.4564238956400771E+001
 1.7300000000000001E+001  6.5390725526995467E+001
 1.7350000000000001E+001  6.6064417382064022E+001
 1.7400000000000002E+001  6.7087554396426981E+001
 1.7449999999999999E+001  6.7655747966027860E+001
 1.7500000000000000E+001  6.7739320315069548E+001
 1.7550000000000001E+001  6.7898739808739535E+001
 1.7600000000000001E+001  6.8927926590810955E+001
 1.7650000000000002E+001  6.9379255009855925E+001
 1.7699999999999999E+001  6.9486483150467521E+001
 1.7750000000000000E+001  6.9442275292858639E+001
 1.7800000000000001E+001  6.9656299551906585E+001
 1.7850000000000001E+001  6.9484453821672247E+001
 1.7900000000000002E+001  6.9185705798201752E+001
 1.7949999999999999E+001  6.8908945179435406E+001
 1.8000000000000000E+001  6.8858554944363007E+001
 1.8050000000000001E+001  6.8569259265442710E+001
 1.8100000000000001E+001  6.7961117067701835E+001
 1.8150000000000002E+001  6.7886669004735708E+001
 1.8199999999999999E+001  6.8098444000456126E+001
 1.8250000000000000E+001  6.7836782323249722E+001
 1.8300000000000001E+001  6.7931808054597639E+001
 1.8350000000000001E+001  6.8585500483782596E+001
 1.8400000000000002E+001  6.9109359897577875E+001
 1.8449999999999999E+001  6.9906993583914129E+001
 1.8500000000000000E+001  7.0678309111558846E+001
 1.8550000000000001E+001  7.1201364260757018E+001
 1.8600000000000001E+001  7.1083484952788368E+001
 1.8650000000000002E+001  7.1305451464137562E+001
 1.8699999999999999E+001  7.0981345243470599E+001
 1.8750000000000000E+001  7.0294215739709145E+001
 1.8800000000000001E+001  6.9592136753441167E+001
 1.8850000000000001E+001  6.9365761270927052E+001
 1.8900000000000002E+001  6.9355313944360773E+001
 1.8949999999999999E+001  6.9128416726371199E+001
 1.9000000000000000E+001  6.8592566197489617E+001
 1.9050000000000001E+001  6.8210675904719935E+001
 1.9100000000000001E+001  6.8041123146474277E+001
 1.9150000000000002E+001  6.7825016163199876E+001
 1.9200000000000003E+001  6.7479821087309745E+001
 1.9250000000000000E+001  6.7273986898178677E+001
 1.9300000000000001E+001  6.7317146159313154E+001
 1.9350000000000001E+001  6.7357544821350615E+001
 1.9400000000000002E+001  6.7654980918698271E+001
 1.9450000000000003E+001  6.8021665758157908E+001
 1.9500000000000000E+001  6.8067175688574793E+001
 1.9550000000000001E+001  6.8378569876997716E+001
 1.9600000000000001E+001  6.8919360911924599E+001
 1.9650000000000002E+001  6.9009637435034961E+001
 1.9700000000000003E+001  6.9060270952022250E+001
 1.9750000000000000E+001  6.8657710892127440E+001
 1.9800000000000001E+001  6.8100631846796489E+001
 1.9850000000000001E+001  6.8527116166684152E+001
 1.9900000000000002E+001  6.9147903003041108E+001
 1.9950000000000003E+001  6.8401300128580289E+001
 2.0000000000000000E+001  6.7124030422474618E+001
 2.0050000000000001E+001  6.6050592515387123E+001
 2.0100000000000001E+001  6.6018364825922859E+001
 2.0150000000000002E+001  6.6375610839360164E+001
 2.0200000000000003E+001  6.6829139465014208E+001
 2.0250000000000000E+001  6.7370413338174572E+001
 2.0300000000000001E+001  6.7383031810559487E+001
 2.0350000000000001E+001  6.7207598410931652E+001
 2.0400000000000002E+001  6.7173195649213923E+001
 2.0450000000000003E+001  6.7077015316323738E+001
 2.0500000000000000E+001  6.6897836597343513E+001
 2.0550000000000001E+001  6.6427362355294804E+001
 2.0600000000000001E+001  6.5884998330856789E+001
 2.0650000000000002E+001  6.6131068222296264E+001
 2.0700000000000003E+001  6.6860722119408706E+001
 2.0750000000000000E+001  6.7347562100056706E+001
 2.0800000000000001E+001  6.7454431071455360E+001
 2.0850000000000001E+001  6.7640494964701958E+001
 2.0900000000000002E+001  6.8199077605630279E+001
 2.0950000000000003E+001  6.8105668725718019E+001
 2.1000000000000000E+001  6.8861689030710878E+001
 2.1050000000000001E+001  6.9415703916493598E+001
 2.1100000000000001E+001  6.9515205435484958E+001
 2.1150000000000002E+001  7.0022694429571331E+001
 2.1200000000000003E+001  7.0313470591997969E+001
 2.1250000000000000E+001  7.0781912042426029E+001
 2.1300000000000001E+001  7.1606700902159162E+001
 2.1350000000000001E+001  7.1815851512242119E+001
 2.1400000000000002E+001  7.1438715042271198E+001
 2.1450000000000003E+001  7.1291153154512671E+001
 2.1500000000000000E+001  7.0539079670353345E+001
 2.1550000000000001E+001  7.0030022712902792E+001
 2.1600000000000001E+001  6.8904311074504477E+001
 2.1650000000000002E+001  6.8611802024426055E+001
 2.1700000000000003E+001  6.8727386288288159E+001
 2.1750000000000000E+001  6.9207720820479580E+001
 2.1800000000000001E+001  6.9407088847016823E+001
 2.1850000000000001E+001  6.9158612447615852E+001
 2.1900000000000002E+001  6.8698991832996072E+001
 2.1950000000000003E+001  6.7906974940058888E+001
 2.2000000000000000E+001  6.7861539009707499E+001
 2.2050000000000001E+001  6.7932729347960560E+001
 2.2100000000000001E+001  6.7567709968684227E+001
 2.2150000000000002E+001  6.7217674660786798E+001
 2.2200000000000003E+001  6.6911870918909429E+001
 2.2250000000000000E+001  6.6456966838819639E+001
 2.2300000000000001E+001  6.6547287976112457E+001
 2.2350000000000001E+001  6.6226415203849939E+001
 2.2400000000000002E+001  6.5779872545315456E+001
 2.2450000000000003E+001  6.5760910002212484E+001
 2.2500000000000000E+001  6.6028943260948466E+001
 2.2550000000000001E+001  6.5046491251766753E+001
 2.2600000000000001E+001  6.4622649978985649E+001
 2.2650000000000002E+001  6.3933858772194135E+001
 2.2700000000000003E+001  6.3305922661651351E+001
 2.2750000000000000E+001  6.3304115813156137E+001
 2.2800000000000001E+001  6.3322854037328788E+001
 2.2850000000000001E+001  6.3329667667008700E+001
 2.2900000000000002E+001  6.3109953467873055E+001
 2.2950000000000003E+001  6.2651261717669257E+001
 2.3000000000000000E+001  6.2165196853817633E+001
 2.3050000000000001E+001  6.2243400624007620E+001
 2.3100000000000001E+001  6.1797747168963070E+001
 2.3150000000000002E+001  6.0965086572923802E+001
 2.3200000000000003E+001  6.0575005983901143E+001
 2.3250000000000000E+001  6.0147723815821657E+001
 2.3300000000000001E+001  5.9690407062368138E+001
 2.3350000000000001E+001  5.9591923844954060E+001
 2.3400000000000002E+001  5.9204698249636778E+001
 2.3450000000000003E+001  5.8548550551909365E+001
 2.3500000000000000E+001  5.8225131813460806E+001
 2.3550000000000001E+001  5.8298615898090588E+001
 2.3600000000000001E+001  5.8339090719701382E+001
 2.3650000000000002E+001  5.7658730911977031E+001
 2.3700000000000003E+001  5.7289524555424038E+001
 2.3750000000000000E+001  5.7258098506983032E+001
 2.3800000000000001E+001  5.6953905465601309E+001
 2.3850000000000001E+001  5.6804011355975405E+001
 2.3900000000000002E+001  5.6995307591654083E+001
 2.3950000000000003E+001  5.6943777272013456E+001
 2.4000000000000000E+001  5.6409791177416366E+001
 2.4050000000000001E+001  5.6413616682281237E+001
 2.4100000000000001E+001  5.6437268817702652E+001
 2.4150000000000002E+001  5.6159859918144569E+001
 2.4200000000000003E+001  5.6301729399695084E+001
 2.4250000000000000E+001  5.6194583705551302E+001
 2.4300000000000001E+001  5.6256560229647597E+001
 2.4350000000000001E+001  5.6453440997362357E+001
 2.4400000000000002E+001  5.6357775493448109E+001
 2.4450000000000003E+001  5.5896938428360833E+001
 2.4500000000000000E+001  5.5313312011938379E+001
 2.4550000000000001E+001  5.5088386078930938E+001
 2.4600000000000001E+001  5.4928796888800839E+001
 2.4650000000000002E+001  5.4736904011179050E+001
 2.4700000000000003E+001  5.4116234786736811E+001
 2.4750000000000000E+001  5.4014665339896652E+001
 2.4800000000000001E+001  5.3554877339109069E+001
 2.4850000000000001E+001  5.2837641738594712E+001
 2.4900000000000002E+001  5.2813222688418982E+001
 2.4950000000000003E+001  5.2792254159834606E+001
 2.5000000000000000E+001  5.2932461460456082E+001
 2.5050000000000001E+001  5.2373400488879682E+001
 2.5100000000000001E+001  5.2020313137698167E+001
 2.5150000000000002E+001  5.1731920615861284E+001
 2.5200000000000003E+001  5.1353351623390594E+001
 2.5250000000000000E+001  5.1249465635709861E+001
 2.5300000000000001E+001  5.1168752398165374E+001
 2.5350000000000001E+001  5.1450402461715626E+001
 2.5400000000000002E+001  5.1277991924568482E+001
 2.5450000000000003E+001  5.1461790179864010E+001
 2.5500000000000000E+001  5.1257518886895497E+001
 2.5550000000000001E+001  5.0738875994329689E+001
 2.5600000000000001E+001  5.0718487884513728E+001
 2.5650000000000002E+001  5.0769208664821804E+001
 2.5700000000000003E+001  5.1057226365084460E+001
 2.5750000000000000E+001  5.0750087005705623E+001
 2.5800000000000001E+001  5.0523223203806253E+001
 2.5850000000000001E+001  4.9950574576317905E+001
 2.5900000000000002E+001  4.9711313867907400E+001
 2.5950000000000003E+001  4.9106880288195917E+001
 2.6000000000000000E+001  4.8792007869369016E+001
 2.6050000000000001E+001  4.8669752199769682E+001
 2.6100000000000001E+001  4.8668586451580012E+001
 2.6150000000000002E+001  4.8729509801237832E+001
 2.6200000000000003E+001  4.8882382501284013E+001
 2.6250000000000000E+001  4.8400081871149737E+001
 2.6300000000000001E+001  4.7886817837779923E+001
 2.6350000000000001E+001  4.8263518992410674E+001
 2.6400000000000002E+001  4.8247232497927058E+001
 2.6450000000000003E+001  4.7838795716847997E+001
 2.6500000000000000E+001  4.7309091059550646E+001
 2.6550000000000001E+001  4.6894537431145743E+001
 2.6600000000000001E+001  4.6430874751453132E+001
 2.6650000000000002E+001  4.6363739892332589E+001
 2.6700000000000003E+001  4.6414876467142534E+001
 2.6750000000000000E+001  4.6516110250377714E+001
 2.6800000000000001E+001  4.6547955099013102E+001
 2.6850000000000001E+001  4.6178236368214428E+001
 2.6900000000000002E+001  4.6157654826223784E+001
 2.6950000000000003E+001  4.6110389755084704E+001
 2.7000000000000000E+001  4.5779411620816028E+001
 2.7050000000000001E+001  4.5382317535145035E+001
 2.7100000000000001E+001  4.5238193449314657E+001
 2.7150000000000002E+001  4.4944475351443920E+001
 2.7200000000000003E+001  4.4929916952946627E+001
 2.7250000000000000E+001  4.5012034402557134E+001
 2.7300000000000001E+001  4.4655527337009026E+001
 2.7350000000000001E+001  4.4667364176596770E+001
 2.7400000000000002E+001  4.4602579441221359E+001
 2.7450000000000003E+001  4.4501417462466470E+001
 2.7500000000000000E+001  4.4260994911261868E+001
 2.7550000000000001E+001  4.3979608408203738E+001
 2.7600000000000001E+001  4.3660216217872588E+001
 2.7650000000000002E+001  4.3439795689897039E+001
 2.7700000000000003E+001  4.3596486629187055E+001
 2.7750000000000000E+001  4.3573274565460757E+001
 2.7800000000000001E+001  4.3213237886944142E+001
 2.7850000000000001E+001  4.2795288166971055E+001
 2.7900000000000002E+001  4.2917119580737449E+001
 2.7950000000000003E+001  4.3105346050841490E+001
 2.8000000000000000E+001  4.2938216376018580E+001
 2.8050000000000001E+001  4.2863772567316545E+001
 2.8100000000000001E+001  4.2638530459993220E+001
 2.8150000000000002E+001  4.2469319000913799E+001
 2.8200000000000003E+001  4.2220477210481704E+001
 2.8250000000000000E+001  4.2062282939832237E+001
 2.8300000000000001E+001  4.2027200762783892E+001
 2.8350000000000001E+001  4.1531414149427192E+001
 2.8400000000000002E+001  4.1246797260268487E+001
 2.8450000000000003E+001  4.1500085761498632E+001
 2.8500000000000000E+001  4.1652973343650139E+001
 2.8550000000000001E+001  4.1544839914821331E+001
 2.8600000000000001E+001  4.1460681066903774E+001
 2.8650000000000002E+001  4.1180402407601164E+001
 2.8700000000000003E+001  4.0812904291108268E+001
 2.8750000000000000E+001  4.0616796261197500E+001
 2.8800000000000001E+001  4.0568872303844714E+001
 2.8850000000000001E+001  4.0549720570909287E+001
 2.8900000000000002E+001  4.0431524727111629E+001
 2.8950000000000003E+001  4.0444905768736071E+001
 2.9000000000000000E+001  4.0410827278703067E+001
 2.9050000000000001E+001  4.0378849425692927E+001
 2.9100000000000001E+001  4.0201915021476225E+001
 2.9150000000000002E+001  4.0174510742229558E+001
 2.9200000000000003E+001  4.0039072326931318E+001
 2.9250000000000000E+001  4.0053715904007476E+001
 2.9300000000000001E+001  3.9450295294302613E+001
 2.9350000000000001E+001  3.9400008242989138E+001
 2.9400000000000002E+001  3.9421621953429764E+001
 2.9450000000000003E+001  3.9207933332465714E+001
 2.9500000000000000E+001  3.9172231828413231E+001
 2.9550000000000001E+001  3.9464372472052069E+001
 2.9600000000000001E+001  3.9665258164606072E+001
 2.9650000000000002E+001  3.9185105443320474E+001
 2.9700000000000003E+001  3.8925954188702470E+001
 2.9750000000000000E+001  3.8793876341946103E+001
 2.9800000000000001E+001  3.8964297222524181E+001
 2.9850000000000001E+001  3.8742727483606174E+001
 2.9900000000000002E+001  3.8824022347521890E+001
 2.9950000000000003E+001  3.9023784197958641E+001
 3.0000000000000000E+001  3.8810861978709639E+001
 3.0050000000000001E+001  3.8553846784798900E+001
 3.0100000000000001E+001  3.8645235050062539E+001
 3.0150000000000002E+001  3.8773327288720154E+001
 3.0200000000000003E+001  3.8851838476733406E+001
 3.0250000000000000E+001  3.8992975398960120E+001
 3.0300000000000001E+001  3.9099066992948181E+001
 3.0350000000000001E+001  3.8883858910787502E+001
 3.0400000000000002E+001  3.8786036509789518E+001
 3.0450000000000003E+001  3.9071768587786856E+001
 3.0500000000000000E+001  3.9102284396164478E+001
 3.0550000000000001E+001  3.9128267016642596E+001
 3.0600000000000001E+001  3.8792504446211041E+001
 3.0650000000000002E+001  3.8712735655666272E+001
 3.0700000000000003E+001  3.8978490514565458E+001
 3.0750000000000000E+001  3.8997306962965858E+001
 3.0800000000000001E+001  3.8930378934257945E+001
 3.0850000000000001E+001  3.9308920725026596E+001
 3.0900000000000002E+001  3.9630857974972102E+001
 3.0950000000000003E+001  3.9260464110191002E+001
 3.1000000000000000E+001  3.8927114339130043E+001
 3.1050000000000001E+001  3.9001469938988322E+001
 3.1100000000000001E+001  3.9158738779020496E+001
 3.1150000000000002E+001  3.9150942194139603E+001
 3.1200000000000003E+001  3.9037578335860232E+001
 3.1250000000000000E+001  3.8822840589967704E+001
 3.1300000000000001E+001  3.8984288938497983E+001
 3.1350000000000001E+001  3.9236596890950310E+001
 3.1400000000000002E+001  3.9347692164671670E+001
 3.1450000000000003E+001  3.9832765007738978E+001
 3.1500000000000000E+001  3.9428108732795138E+001
 3.1550000000000001E+001  3.9043117005887083E+001
 3.1600000000000001E+001  3.9080122761971857E+001
 3.1650000000000002E+001  3.9097911909332282E+001
 3.1700000000000003E+001  3.9415273649660662E+001
 3.1750000000000000E+001  3.9772002742472729E+001
 3.1800000000000001E+001  3.9775510147184541E+001
 3.1850000000000001E+001  4.0534289012999189E+001
 3.1900000000000002E+001  3.9813435082258316E+001
 3.1950000000000003E+001  3.9652305725451008E+001
 3.2000000000000000E+001  3.9952628571556588E+001
 3.2050000000000004E+001  3.9923328010569513E+001
 3.2100000000000001E+001  3.9995812852998050E+001
 3.2149999999999999E+001  4.0304682135054186E+001
 3.2200000000000003E+001  4.0381800332646868E+001
 3.2250000000000000E+001  4.0128126639278669E+001
 3.2300000000000004E+001  4.0296267029086401E+001
 3.2350000000000001E+001  4.1069268835350002E+001
 3.2399999999999999E+001  4.0805658259947982E+001
 3.2450000000000003E+001  4.0629567486646664E+001
 3.2500000000000000E+001  4.0446723394763211E+001
 3.2550000000000004E+001  4.0087117340906225E+001
 3.2600000000000001E+001  4.0317124649863985E+001
 3.2649999999999999E+001  4.0638003773316335E+001
 3.2700000000000003E+001  4.0664817603867746E+001
 3.2750000000000000E+001  4.0127957354034159E+001
 3.2800000000000004E+001  4.0102358128087062E+001
 3.2850000000000001E+001  4.0208933578619302E+001
 3.2899999999999999E+001  3.9597906232838831E+001
 3.2950000000000003E+001  3.9598124707636742E+001
 3.3000000000000000E+001  3.9948705766431338E+001
 3.3050000000000004E+001  3.9791342951093974E+001
 3.3100000000000001E+001  4.0035119689859364E+001
 3.3149999999999999E+001  3.9636411931832789E+001
 3.3200000000000003E+001  3.9782798584397334E+001
 3.3250000000000000E+001  3.9690322257749543E+001
 3.3300000000000004E+001  3.9284919465072242E+001
 3.3350000000000001E+001  3.9109364941499905E+001
 3.3399999999999999E+001  3.9322212048212201E+001
 3.3450000000000003E+001  3.9174534389502213E+001
 3.3500000000000000E+001  3.9713448528427222E+001
 3.3550000000000004E+001  3.9515354290893249E+001
 3.3600000000000001E+001  3.9330263020689337E+001
 3.3649999999999999E+001  3.9224139737533172E+001
 3.3700000000000003E+001  3.8615811429976496E+001
 3.3750000000000000E+001  3.8545856683271523E+001
 3.3800000000000004E+001  3.8487023578718087E+001
 3.3850000000000001E+001  3.8893577833605939E+001
 3.3899999999999999E+001  3.8961736403427295E+001
 3.3950000000000003E+001  3.8819397411417619E+001
 3.4000000000000000E+001  3.8953613175585552E+001
 3.4050000000000004E+001  3.9027378613723343E+001
 3.4100000000000001E+001  3.8832375409803987E+001
 3.4149999999999999E+001  3.8955320887609268E+001
 3.4200000000000003E+001  3.8468585287229487E+001
 3.4250000000000000E+001  3.8133032728048072E+001
 3.4300000000000004E+001  3.8214122668996474E+001
 3.4350000000000001E+001  3.8398135105034939E+001
 3.4399999999999999E+001  3.8394399059332684E+001
 3.4450000000000003E+001  3.8177366300280276E+001
 3.4500000000000000E+001  3.8593536431506124E+001
 3.4550000000000004E+001  3.8372777662152075E+001
 3.4600000000000001E+001  3.7805842146342762E+001
 3.4649999999999999E+001  3.7998391591311034E+001
 3.4700000000000003E+001  3.8080004778798632E+001
 3.4750000000000000E+001  3.8418819489617455E+001
 3.4800000000000004E+001  3.8078209036331927E+001
 3.4850000000000001E+001  3.7430038561932747E+001
 3.4899999999999999E+001  3.7400677260646738E+001
 3.4950000000000003E+001  3.8137027217344830E+001
 3.5000000000000000E+001  3.8033590902152945E+001
 3.5050000000000004E+001  3.7807813075106111E+001
 3.5100000000000001E+001  3.7928353449754255E+001
 3.5149999999999999E+001  3.8057839963484568E+001
 3.5200000000000003E+001  3.7989735847956254E+001
 3.5250000000000000E+001  3.7627024455730577E+001
 3.5300000000000004E+001  3.7711566716356657E+001
 3.5350000000000001E+001  3.7688079987421936E+001
 3.5399999999999999E+001  3.7354026527698252E+001
 3.5450000000000003E+001  3.7686946550823407E+001
 3.5500000000000000E+001  3.7322393790513352E+001
 3.5550000000000004E+001  3.7328101625959953E+001
 3.5600000000000001E+001  3.7052854467235015E+001
 3.5649999999999999E+001  3.7643348638907440E+001
 3.5700000000000003E+001  3.7500474886298200E+001
 3.5750000000000000E+001  3.6923941576308110E+001
 3.5800000000000004E+001  3.7447923030308957E+001
 3.5850000000000001E+001  3.6759513230452143E+001
 3.5899999999999999E+001  3.6350056266653588E+001
 3.5950000000000003E+001  3.6566974740933318E+001
 3.6000000000000000E+001  3.6428260457252620E+001
 3.6050000000000004E+001  3.6779566773090963E+001
 3.6100000000000001E+001  3.6453936928940614E+001
 3.6149999999999999E+001  3.6101417657046241E+001
 3.6200000000000003E+001  3.6163414182401745E+001
 3.6250000000000000E+001  3.5813149766127516E+001
 3.6300000000000004E+001  3.6129634214197665E+001
 3.6350000000000001E+001  3.5887214667959775E+001
 3.6399999999999999E+001  3.5613483387085346E+001
 3.6450000000000003E+001  3.5933952917206696E+001
 3.6500000000000000E+001  3.6077931721105472E+001
 3.6550000000000004E+001  3.5698079083566526E+001
 3.6600000000000001E+001  3.5594444797694798E+001
 3.6649999999999999E+001  3.5685931000502961E+001
 3.6700000000000003E+001  3.5899697637990847E+001
 3.6750000000000000E+001  3.5154117932007665E+001
 3.6800000000000004E+001  3.5131911472980519E+001
 3.6850000000000001E+001  3.5507880809051144E+001
 3.6899999999999999E+001  3.5489174881663118E+001
 3.6950000000000003E+001  3.5186344300417367E+001
 3.7000000000000000E+001  3.4943551272713592E+001
 3.7050000000000004E+001  3.4507489992547292E+001
 3.7100000000000001E+001  3.4421858486269947E+001
 3.7149999999999999E+001  3.4624579406537364E+001
 3.7200000000000003E+001  3.4175955763803678E+001
 3.7250000000000000E+001  3.4210332356797629E+001
 3.7300000000000004E+001  3.4641600091381633E+001
 3.7350000000000001E+001  3.5131691193408770E+001
 3.7399999999999999E+001  3.4471070142987301E+001
 3.7450000000000003E+001  3.4110582363334224E+001
 3.7500000000000000E+001  3.4015587216697540E+001
 3.7550000000000004E+001  3.5124709367429240E+001
 3.7600000000000001E+001  3.5489638025281870E+001
 3.7649999999999999E+001  3.4869927925986509E+001
 3.7700000000000003E+001  3.4557801764062887E+001
 3.7750000000000000E+001  3.4523778077135816E+001
 3.7800000000000004E+001  3.5069940045720479E+001
 3.7850000000000001E+001  3.4686502655199405E+001
 3.7899999999999999E+001  3.4008569935402576E+001
 3.7950000000000003E+001  3.3550865375198256E+001
 3.8000000000000000E+001  3.4107749820223624E+001
 3.8050000000000004E+001  3.4396378334459364E+001
 3.8100000000000001E+001  3.4141906615574868E+001
 3.8149999999999999E+001  3.3692252645125585E+001
 3.8200000000000003E+001  3.3347489783867161E+001
 3.8250000000000000E+001  3.3549142132570942E+001
 3.8300000000000004E+001  3.4354522771462427E+001
 3.8350000000000001E+001  3.4185987593240540E+001
 3.8400000000000006E+001  3.3352576689888615E+001
 3.8450000000000003E+001  3.3163380323397760E+001
 3.8500000000000000E+001  3.3947581990982791E+001
 3.8550000000000004E+001  3.3644179375541093E+001
 3.8600000000000001E+001  3.3073555325500934E+001
 3.8650000000000006E+001  3.3102926901401055E+001
 3.8700000000000003E+001  3.2743052418628729E+001
 3.8750000000000000E+001  3.2738643245018544E+001
 3.8800000000000004E+001  3.2837928252279546E+001
 3.8850000000000001E+001  3.3111573980731620E+001
 3.8900000000000006E+001  3.3452707336577880E+001
 3.8950000000000003E+001  3.3085484880050757E+001
 3.9000000000000000E+001  3.2597207550844082E+001
 3.9050000000000004E+001  3.2286861775757373E+001
 3.9100000000000001E+001  3.1678717053058239E+001
 3.9150000000000006E+001  3.2805247100081488E+001
 3.9200000000000003E+001  3.2155305052583344E+001
 3.9250000000000000E+001  3.2912716946243414E+001
 3.9300000000000004E+001  3.3337130119459090E+001
 3.9350000000000001E+001  3.2398192104235108E+001
 3.9400000000000006E+001  3.1987427650654027E+001
 3.9450000000000003E+001  3.1876258621082290E+001
 3.9500000000000000E+001  3.3289308734503393E+001
 3.9550000000000004E+001  3.2567214610193446E+001
 3.9600000000000001E+001  3.2835878292307783E+001
 3.9650000000000006E+001  3.2752140065847378E+001
 3.9700000000000003E+001  3.2468808683559843E+001
 3.9750000000000000E+001  3.1008263830882008E+001
 3.9800000000000004E+001  3.0548049396563396E+001
 3.9850000000000001E+001  3.1446487404521566E+001
 3.9900000000000006E+001  3.2736299212339041E+001
 3.9950000000000003E+001  3.1567656455406688E+001
 4.0000000000000000E+001  3.1610073339534267E+001
 4.0050000000000004E+001  3.2214732705852867E+001
 4.0100000000000001E+001  3.2020120815071067E+001
 4.0150000000000006E+001  3.1175540422237461E+001
 4.0200000000000003E+001  3.0978547933836776E+001
 4.0250000000000000E+001  3.0879817585963078E+001
 4.0300000000000004E+001  3.1495332834154798E+001
 4.0350000000000001E+001  3.2417501664463046E+001
 4.0400000000000006E+001  3.2226628858099950E+001
 4.0450000000000003E+001  3.2490447217987089E+001
 4.0500000000000000E+001  3.2890703299153373E+001
 4.0550000000000004E+001  3.1852034899781536E+001
 4.0600000000000001E+001  3.0599622351236203E+001
 4.0650000000000006E+001  3.1214700126060457E+001
 4.0700000000000003E+001  3.2075149787505616E+001
 4.0750000000000000E+001  3.0169495880734729E+001
 4.0800000000000004E+001  3.1122962583546407E+001
 4.0850000000000001E+001  3.2262613762739313E+001
 4.0900000000000006E+001  3.2035670506752780E+001
 4.0950000000000003E+001  3.0727537596838715E+001
 4.1000000000000000E+001  2.8838455542966706E+001
 4.1050000000000004E+001  3.2329492371411028E+001
 4.1100000000000001E+001  3.3792703797917177E+001
 4.1150000000000006E+001  3.4822883942407735E+001
 4.1200000000000003E+001  3.6659265796900954E+001
 4.1250000000000000E+001  4.2323560594120408E+001
