 2.4000000000000004E+000  1.2686878231392248E+001
 2.4500000000000002E+000  1.3337538058934843E+001
 2.5000000000000000E+000  1.3529864691923088E+001
 2.5500000000000003E+000  1.3992393418019944E+001
 2.6000000000000001E+000  1.3989280599665612E+001
 2.6500000000000004E+000  1.5938789727243176E+001
 2.7000000000000002E+000  1.8293262514773101E+001
 2.7500000000000000E+000  2.2307665570378525E+001
 2.8000000000000003E+000  3.6527478236029246E+001
 2.8500000000000001E+000  8.1324009533575875E+001
 2.9000000000000004E+000  1.7768175241304399E+002
 2.9500000000000002E+000  3.2758108269525809E+002
 3.0000000000000000E+000  4.6428110321611882E+002
 3.0500000000000003E+000  5.7659452140735732E+002
 3.1000000000000001E+000  6.8382997790347542E+002
 3.1500000000000004E+000  7.0585254298838777E+002
 3.2000000000000002E+000  5.9846149566464203E+002
 3.2500000000000000E+000  4.5861556543623271E+002
 3.3000000000000003E+000  3.7270153618423882E+002
 3.3500000000000001E+000  3.5045098767489134E+002
 3.4000000000000004E+000  3.3698872100640716E+002
 3.4500000000000002E+000  3.0018708448493624E+002
 3.5000000000000000E+000  2.6751424976627953E+002
 3.5500000000000003E+000  2.4257269201835035E+002
 3.6000000000000001E+000  2.1503406132252169E+002
 3.6500000000000004E+000  1.8891897089850880E+002
 3.7000000000000002E+000  1.6951378001683233E+002
 3.7500000000000000E+000  1.5396504624380376E+002
 3.8000000000000003E+000  1.3954623850020141E+002
 3.8500000000000001E+000  1.2400429922935913E+002
 3.9000000000000004E+000  1.1869043110766638E+002
 3.9500000000000002E+000  1.1588300461988283E+002
 4.0000000000000000E+000  1.1193706269208566E+002
 4.0499999999999998E+000  1.0929785445720060E+002
 4.1000000000000005E+000  1.0761932474940251E+002
 4.1500000000000004E+000  1.0444789546456839E+002
 4.2000000000000002E+000  9.9286093302127142E+001
 4.2500000000000000E+000  9.7446383834895883E+001
 4.2999999999999998E+000  9.4442598529555724E+001
 4.3500000000000005E+000  9.3490561358361504E+001
 4.4000000000000004E+000  9.0624294982167925E+001
 4.4500000000000002E+000  8.7910305466251245E+001
 4.5000000000000000E+000  8.4652479752401277E+001
 4.5499999999999998E+000  8.3178780738384248E+001
 4.6000000000000005E+000  8.2061103101536105E+001
 4.6500000000000004E+000  8.0661216338022172E+001
 4.7000000000000002E+000  8.0140545885066558E+001
 4.7500000000000000E+000  7.9641522795160739E+001
 4.8000000000000007E+000  7.8851822175171492E+001
 4.8500000000000005E+000  7.8191149806443320E+001
 4.9000000000000004E+000  7.6193672291115789E+001
 4.9500000000000002E+000  7.3953138789664465E+001
 5.0000000000000000E+000  7.1812457857939592E+001
 5.0500000000000007E+000  6.9824481920360128E+001
 5.1000000000000005E+000  6.9730548803464558E+001
 5.1500000000000004E+000  6.9797224977545525E+001
 5.2000000000000002E+000  7.1914540849079941E+001
 5.2500000000000000E+000  7.7059834283413053E+001
 5.3000000000000007E+000  8.4298681287235055E+001
 5.3500000000000005E+000  8.9107573603875508E+001
 5.4000000000000004E+000  9.0499729242155894E+001
 5.4500000000000002E+000  8.7542096981328612E+001
 5.5000000000000000E+000  8.1706551084002641E+001
 5.5500000000000007E+000  7.6045001722589902E+001
 5.6000000000000005E+000  7.0821323101259054E+001
 5.6500000000000004E+000  6.7385422137643388E+001
 5.7000000000000002E+000  6.4831118195692099E+001
 5.7500000000000000E+000  6.2394020647454539E+001
 5.8000000000000007E+000  6.0325366800078584E+001
 5.8500000000000005E+000  5.9793306799901970E+001
 5.9000000000000004E+000  6.1153277606091343E+001
 5.9500000000000002E+000  6.4524966693385153E+001
 6.0000000000000000E+000  7.0778224331977270E+001
 6.0500000000000007E+000  8.0199385606649926E+001
 6.1000000000000005E+000  8.9582211058152780E+001
 6.1500000000000004E+000  9.6341086973502669E+001
 6.2000000000000002E+000  9.9488572738589099E+001
 6.2500000000000000E+000  9.6234727558451965E+001
 6.3000000000000007E+000  8.9473294762660004E+001
 6.3500000000000005E+000  8.1250324579447181E+001
 6.4000000000000004E+000  7.2482493910532426E+001
 6.4500000000000002E+000  6.6889366848205782E+001
 6.5000000000000000E+000  6.4321787181181350E+001
 6.5500000000000007E+000  6.3551341150058626E+001
 6.6000000000000005E+000  6.5127520564128233E+001
 6.6500000000000004E+000  6.8301723120726578E+001
 6.7000000000000002E+000  7.3922491036318860E+001
 6.7500000000000000E+000  8.1363877120054653E+001
 6.8000000000000007E+000  8.9461718425876725E+001
 6.8500000000000005E+000  9.4491096942268868E+001
 6.9000000000000004E+000  9.3487698427459648E+001
 6.9500000000000002E+000  9.0228839649303666E+001
 7.0000000000000000E+000  9.1495410802912829E+001
 7.0500000000000007E+000  9.5749378539390364E+001
 7.1000000000000005E+000  1.0028552006989439E+002
 7.1500000000000004E+000  1.0196823024377311E+002
 7.2000000000000002E+000  9.7466633955426403E+001
 7.2500000000000000E+000  8.8431015031171569E+001
 7.3000000000000007E+000  7.9702628090373764E+001
 7.3500000000000005E+000  7.3782927930766874E+001
 7.4000000000000004E+000  7.2139995866570871E+001
 7.4500000000000002E+000  7.2399606571360849E+001
 7.5000000000000000E+000  7.3388326292846799E+001
 7.5500000000000007E+000  7.6676121040846809E+001
 7.6000000000000005E+000  8.2886554751833046E+001
 7.6500000000000004E+000  9.4457069131220692E+001
 7.7000000000000002E+000  1.1152291525119669E+002
 7.7500000000000000E+000  1.3178415871089430E+002
 7.8000000000000007E+000  1.5043598108850111E+002
 7.8500000000000005E+000  1.5545383047745759E+002
 7.9000000000000004E+000  1.4479582958810607E+002
 7.9500000000000002E+000  1.3132600062669766E+002
 8.0000000000000000E+000  1.2190273087340371E+002
 8.0500000000000007E+000  1.1797736651559906E+002
 8.0999999999999996E+000  1.1883147889269297E+002
 8.1500000000000004E+000  1.2051539744338665E+002
 8.2000000000000011E+000  1.1998957569021623E+002
 8.2500000000000000E+000  1.1680608151755089E+002
 8.3000000000000007E+000  1.1124432530334413E+002
 8.3499999999999996E+000  1.0391971259741452E+002
 8.4000000000000004E+000  9.8073693604224303E+001
 8.4500000000000011E+000  9.6296491559409702E+001
 8.5000000000000000E+000  9.9032713505473865E+001
 8.5500000000000007E+000  1.0610212353827224E+002
 8.5999999999999996E+000  1.1603057634010383E+002
 8.6500000000000004E+000  1.2458264193982806E+002
 8.7000000000000011E+000  1.2680334263877016E+002
 8.7500000000000000E+000  1.1921264116574930E+002
 8.8000000000000007E+000  1.0554443277101092E+002
 8.8499999999999996E+000  9.2583761157078470E+001
 8.9000000000000004E+000  8.3550059081099377E+001
 8.9500000000000011E+000  7.7987407435417239E+001
 9.0000000000000000E+000  7.4739820495418982E+001
 9.0500000000000007E+000  7.2376555555668148E+001
 9.0999999999999996E+000  7.1205914146669713E+001
 9.1500000000000004E+000  7.1723188680624233E+001
 9.2000000000000011E+000  7.3808183822373977E+001
 9.2500000000000000E+000  7.5826240012575070E+001
 9.3000000000000007E+000  7.8246227823568731E+001
 9.3499999999999996E+000  8.0710075668705556E+001
 9.4000000000000004E+000  8.4043395952360754E+001
 9.4500000000000011E+000  8.7979204804622967E+001
 9.5000000000000000E+000  9.2254503782831165E+001
 9.5500000000000007E+000  9.5817177481528120E+001
 9.6000000000000014E+000  9.8995884921502551E+001
 9.6500000000000004E+000  1.0163425863345439E+002
 9.7000000000000011E+000  1.0264764781728195E+002
 9.7500000000000000E+000  1.0050652611535476E+002
 9.8000000000000007E+000  9.4879979472502740E+001
 9.8500000000000014E+000  8.6435457681193000E+001
 9.9000000000000004E+000  7.7689805186517205E+001
 9.9500000000000011E+000  7.0882728022983486E+001
 1.0000000000000000E+001  6.6361967093994636E+001
 1.0050000000000001E+001  6.5104403509085856E+001
 1.0100000000000001E+001  6.6107417006162436E+001
 1.0150000000000000E+001  6.8757395673801113E+001
 1.0200000000000001E+001  7.0952201078279998E+001
 1.0250000000000000E+001  7.1379369954053516E+001
 1.0300000000000001E+001  6.9348159389361200E+001
 1.0350000000000001E+001  6.6649370254336517E+001
 1.0400000000000000E+001  6.3451987094433626E+001
 1.0450000000000001E+001  6.1306609873428606E+001
 1.0500000000000000E+001  6.0878909197844706E+001
 1.0550000000000001E+001  6.2129900189741853E+001
 1.0600000000000001E+001  6.5337801110746454E+001
 1.0650000000000000E+001  6.9810738693572915E+001
 1.0700000000000001E+001  7.3121630027092422E+001
 1.0750000000000000E+001  7.6627598676618476E+001
 1.0800000000000001E+001  7.9773642717974425E+001
 1.0850000000000001E+001  8.2898487282511013E+001
 1.0900000000000000E+001  8.5047800077034708E+001
 1.0950000000000001E+001  8.5545369978114977E+001
 1.1000000000000000E+001  8.4937118557766610E+001
 1.1050000000000001E+001  8.4492413717091083E+001
 1.1100000000000001E+001  8.5867069388166527E+001
 1.1150000000000000E+001  8.8959645702585775E+001
 1.1200000000000001E+001  9.1758076299324046E+001
 1.1250000000000000E+001  9.0674987116080246E+001
 1.1300000000000001E+001  8.6935973962573442E+001
 1.1350000000000001E+001  8.2130125872907584E+001
 1.1400000000000000E+001  7.8945251400817654E+001
 1.1450000000000001E+001  7.7806662409313461E+001
 1.1500000000000000E+001  7.8780292016287916E+001
 1.1550000000000001E+001  8.0575672093144192E+001
 1.1600000000000001E+001  8.1960620393611720E+001
 1.1650000000000000E+001  8.2480038862595833E+001
 1.1700000000000001E+001  8.3579990502241600E+001
 1.1750000000000000E+001  8.4691101496258199E+001
 1.1800000000000001E+001  8.4292824862708883E+001
 1.1850000000000001E+001  8.2793032184926162E+001
 1.1900000000000000E+001  8.2323606749732917E+001
 1.1950000000000001E+001  8.3278055190577660E+001
 1.2000000000000000E+001  8.5923138859060359E+001
 1.2050000000000001E+001  8.9647099492817773E+001
 1.2100000000000001E+001  9.3289689972197991E+001
 1.2150000000000000E+001  9.6186242865178613E+001
 1.2200000000000001E+001  9.7130938734578592E+001
 1.2250000000000000E+001  9.4964435699726494E+001
 1.2300000000000001E+001  9.0137701182330076E+001
 1.2350000000000001E+001  8.6351837471016722E+001
 1.2400000000000000E+001  8.4110787541215018E+001
 1.2450000000000001E+001  8.1464323361487772E+001
 1.2500000000000000E+001  7.9995423019802757E+001
 1.2550000000000001E+001  7.9153239880927472E+001
 1.2600000000000001E+001  7.8262667794437476E+001
 1.2650000000000000E+001  7.8203189975428756E+001
 1.2700000000000001E+001  7.7388186686039418E+001
 1.2750000000000000E+001  7.6575745260005348E+001
 1.2800000000000001E+001  7.5150188348567880E+001
 1.2850000000000001E+001  7.2788700553112676E+001
 1.2900000000000000E+001  7.0459590750036853E+001
 1.2950000000000001E+001  6.9002094560128015E+001
 1.3000000000000000E+001  6.7987108478098406E+001
 1.3050000000000001E+001  6.7232197385598312E+001
 1.3100000000000001E+001  6.6720638679810804E+001
 1.3150000000000000E+001  6.6993233430428234E+001
 1.3200000000000001E+001  6.9160605532010649E+001
 1.3250000000000000E+001  7.3100038673510866E+001
 1.3300000000000001E+001  7.8258181205628958E+001
 1.3350000000000001E+001  8.3075715706265086E+001
 1.3400000000000000E+001  8.7265847971588414E+001
 1.3450000000000001E+001  9.0412911595564381E+001
 1.3500000000000000E+001  9.2138076496843908E+001
 1.3550000000000001E+001  9.1521522171769377E+001
 1.3600000000000001E+001  8.8796573454597663E+001
 1.3650000000000000E+001  8.4285898663125138E+001
 1.3700000000000001E+001  7.9196296979130366E+001
 1.3750000000000000E+001  7.5825352952689883E+001
 1.3800000000000001E+001  7.3515315320945561E+001
 1.3850000000000001E+001  7.2207793796533565E+001
 1.3900000000000000E+001  7.1379228712177721E+001
 1.3950000000000001E+001  7.1809625843167765E+001
 1.4000000000000000E+001  7.2466193184440300E+001
 1.4050000000000001E+001  7.3157535972836385E+001
 1.4100000000000001E+001  7.2480564092944689E+001
 1.4150000000000000E+001  7.0888915385113819E+001
 1.4200000000000001E+001  6.9344997068165966E+001
 1.4250000000000000E+001  6.6997349699266991E+001
 1.4300000000000001E+001  6.5822411450310099E+001
 1.4350000000000001E+001  6.4764913171236287E+001
 1.4400000000000000E+001  6.3385390583796692E+001
 1.4450000000000001E+001  6.2445869314998248E+001
 1.4500000000000000E+001  6.1423791460228969E+001
 1.4550000000000001E+001  5.9968756501505908E+001
 1.4600000000000001E+001  5.8711420102629319E+001
 1.4650000000000000E+001  5.8179859321212973E+001
 1.4700000000000001E+001  5.8397651830690691E+001
 1.4750000000000000E+001  5.9032022274794159E+001
 1.4800000000000001E+001  6.0468494597667366E+001
 1.4850000000000001E+001  6.1933779718505740E+001
 1.4900000000000000E+001  6.2696414697112374E+001
 1.4950000000000001E+001  6.2003431217614072E+001
 1.5000000000000000E+001  6.0918356514573389E+001
 1.5050000000000001E+001  5.9640145650717074E+001
 1.5100000000000001E+001  5.8969101655075207E+001
 1.5150000000000000E+001  5.8614264348985884E+001
 1.5200000000000001E+001  5.8566298140711119E+001
 1.5250000000000000E+001  5.8990534040731944E+001
 1.5300000000000001E+001  6.0221582686338358E+001
 1.5350000000000001E+001  6.1363047008597292E+001
 1.5400000000000000E+001  6.2130650796593784E+001
 1.5450000000000001E+001  6.2929044843134648E+001
 1.5500000000000000E+001  6.3570899828864896E+001
 1.5550000000000001E+001  6.4520704758925859E+001
 1.5600000000000001E+001  6.5518739769127023E+001
 1.5650000000000000E+001  6.6073980575284708E+001
 1.5700000000000001E+001  6.5895691222398597E+001
 1.5750000000000000E+001  6.4955023722704212E+001
 1.5800000000000001E+001  6.4027309653062275E+001
 1.5850000000000001E+001  6.2603681936870039E+001
 1.5900000000000000E+001  6.2192584190436989E+001
 1.5950000000000001E+001  6.2318217246896502E+001
 1.6000000000000000E+001  6.2017763749680860E+001
 1.6050000000000001E+001  6.2734459124524378E+001
 1.6100000000000001E+001  6.3750893970522590E+001
 1.6150000000000002E+001  6.5446058386866724E+001
 1.6199999999999999E+001  6.7096834979966104E+001
 1.6250000000000000E+001  6.8765352251139134E+001
 1.6300000000000001E+001  7.0132599582169703E+001
 1.6350000000000001E+001  7.0947701750521304E+001
 1.6400000000000002E+001  7.0363123940853896E+001
 1.6449999999999999E+001  6.8391435187246557E+001
 1.6500000000000000E+001  6.6363233555581687E+001
 1.6550000000000001E+001  6.4161014211889238E+001
 1.6600000000000001E+001  6.2288871982152600E+001
 1.6650000000000002E+001  6.1328273754486496E+001
 1.6699999999999999E+001  6.0571891553668713E+001
 1.6750000000000000E+001  6.0106175548225991E+001
 1.6800000000000001E+001  5.9802306919020594E+001
 1.6850000000000001E+001  5.9951671008510743E+001
 1.6900000000000002E+001  5.9989657240928665E+001
 1.6949999999999999E+001  6.0144860707644014E+001
 1.7000000000000000E+001  6.0787433763211951E+001
 1.7050000000000001E+001  6.1699103214564687E+001
 1.7100000000000001E+001  6.3150574301364792E+001
 1.7150000000000002E+001  6.4748624444046172E+001
 1.7199999999999999E+001  6.5203761968647044E+001
 1.7250000000000000E+001  6.5925884775926292E+001
 1.7300000000000001E+001  6.6414244641787562E+001
 1.7350000000000001E+001  6.7307916315543494E+001
 1.7400000000000002E+001  6.7987124362390830E+001
 1.7449999999999999E+001  6.9101858946157193E+001
 1.7500000000000000E+001  6.9662029376936744E+001
 1.7550000000000001E+001  6.9300020659972660E+001
 1.7600000000000001E+001  6.8691121147868714E+001
 1.7650000000000002E+001  6.7058470808550723E+001
 1.7699999999999999E+001  6.5488241241406797E+001
 1.7750000000000000E+001  6.4555665880806544E+001
 1.7800000000000001E+001  6.4050881548468638E+001
 1.7850000000000001E+001  6.3605450519452489E+001
 1.7900000000000002E+001  6.3294526451756028E+001
 1.7949999999999999E+001  6.3363797112954181E+001
 1.8000000000000000E+001  6.3125214563446896E+001
 1.8050000000000001E+001  6.3560614379861676E+001
 1.8100000000000001E+001  6.4611673818252328E+001
 1.8150000000000002E+001  6.5060352302279711E+001
 1.8199999999999999E+001  6.6025013590219899E+001
 1.8250000000000000E+001  6.6957164698038241E+001
 1.8300000000000001E+001  6.7143533882229576E+001
 1.8350000000000001E+001  6.6833474458169263E+001
 1.8400000000000002E+001  6.6216604350552942E+001
 1.8449999999999999E+001  6.5230119644197671E+001
 1.8500000000000000E+001  6.4689155449433159E+001
 1.8550000000000001E+001  6.4694837593563648E+001
 1.8600000000000001E+001  6.4966858740121495E+001
 1.8650000000000002E+001  6.6273858669407289E+001
 1.8699999999999999E+001  6.8000614602300246E+001
 1.8750000000000000E+001  6.9970986400470863E+001
 1.8800000000000001E+001  7.1557439208463236E+001
 1.8850000000000001E+001  7.3446967492577727E+001
 1.8900000000000002E+001  7.4304512668641749E+001
 1.8949999999999999E+001  7.5144485132749793E+001
 1.9000000000000000E+001  7.4941814915275089E+001
 1.9050000000000001E+001  7.4719247156360694E+001
 1.9100000000000001E+001  7.4527581032325031E+001
 1.9150000000000002E+001  7.4153323455113707E+001
 1.9200000000000003E+001  7.3210285728655236E+001
 1.9250000000000000E+001  7.2508213798245379E+001
 1.9300000000000001E+001  7.1962874371418593E+001
 1.9350000000000001E+001  7.1994863616474163E+001
 1.9400000000000002E+001  7.1677858630509320E+001
 1.9450000000000003E+001  7.1349960828252591E+001
 1.9500000000000000E+001  7.1199059188825927E+001
 1.9550000000000001E+001  7.0774656829997156E+001
 1.9600000000000001E+001  6.9411062994895403E+001
 1.9650000000000002E+001  6.7802909101191887E+001
 1.9700000000000003E+001  6.6018909427577938E+001
 1.9750000000000000E+001  6.4220040711680824E+001
 1.9800000000000001E+001  6.3409766097721295E+001
 1.9850000000000001E+001  6.2765857549916589E+001
 1.9900000000000002E+001  6.2556109114929697E+001
 1.9950000000000003E+001  6.3508982253052352E+001
 2.0000000000000000E+001  6.5083852593069764E+001
 2.0050000000000001E+001  6.6444974138790229E+001
 2.0100000000000001E+001  6.6796408953576446E+001
 2.0150000000000002E+001  6.6957876545843234E+001
 2.0200000000000003E+001  6.6594672578250623E+001
 2.0250000000000000E+001  6.6374178561603841E+001
 2.0300000000000001E+001  6.6133596717834109E+001
 2.0350000000000001E+001  6.5744267985373611E+001
 2.0400000000000002E+001  6.5132072969049432E+001
 2.0450000000000003E+001  6.5136521160833951E+001
 2.0500000000000000E+001  6.4638121808041973E+001
 2.0550000000000001E+001  6.4106779992211287E+001
 2.0600000000000001E+001  6.3569274097151343E+001
 2.0650000000000002E+001  6.3340866346729676E+001
 2.0700000000000003E+001  6.3354858248979319E+001
 2.0750000000000000E+001  6.3248378636788871E+001
 2.0800000000000001E+001  6.2971802803042920E+001
 2.0850000000000001E+001  6.3510622885028972E+001
 2.0900000000000002E+001  6.4592815672644832E+001
 2.0950000000000003E+001  6.5086245072147548E+001
 2.1000000000000000E+001  6.5453230431488421E+001
 2.1050000000000001E+001  6.5957789279099686E+001
 2.1100000000000001E+001  6.7372610239422215E+001
 2.1150000000000002E+001  6.9174971915655490E+001
 2.1200000000000003E+001  7.2192822010307992E+001
 2.1250000000000000E+001  7.4592447389541434E+001
 2.1300000000000001E+001  7.6482394467172242E+001
 2.1350000000000001E+001  7.7283821641144456E+001
 2.1400000000000002E+001  7.7699953624706808E+001
 2.1450000000000003E+001  7.7043547227140621E+001
 2.1500000000000000E+001  7.6550564980368080E+001
 2.1550000000000001E+001  7.5464995896774866E+001
 2.1600000000000001E+001  7.4399417249219013E+001
 2.1650000000000002E+001  7.4354960025668788E+001
 2.1700000000000003E+001  7.3494497935569953E+001
 2.1750000000000000E+001  7.2690582217447400E+001
 2.1800000000000001E+001  7.1857557543668861E+001
 2.1850000000000001E+001  7.1713579251860153E+001
 2.1900000000000002E+001  7.1894615037535900E+001
 2.1950000000000003E+001  7.1616969498617792E+001
 2.2000000000000000E+001  7.1657716062887218E+001
 2.2050000000000001E+001  7.1968340038735548E+001
 2.2100000000000001E+001  7.2068251566067644E+001
 2.2150000000000002E+001  7.1680928632011756E+001
 2.2200000000000003E+001  7.1163120508858185E+001
 2.2250000000000000E+001  7.0123391477057595E+001
 2.2300000000000001E+001  6.8862340817857230E+001
 2.2350000000000001E+001  6.7614098965526068E+001
 2.2400000000000002E+001  6.6678397315096475E+001
 2.2450000000000003E+001  6.5513484187578015E+001
 2.2500000000000000E+001  6.4166952334339385E+001
 2.2550000000000001E+001  6.3410999219865431E+001
 2.2600000000000001E+001  6.2965970192295750E+001
 2.2650000000000002E+001  6.3045996414253949E+001
 2.2700000000000003E+001  6.2541868939548152E+001
 2.2750000000000000E+001  6.2406383000681359E+001
 2.2800000000000001E+001  6.2278436443695043E+001
 2.2850000000000001E+001  6.2088659281301354E+001
 2.2900000000000002E+001  6.1738556306181827E+001
 2.2950000000000003E+001  6.2196133075851122E+001
 2.3000000000000000E+001  6.3025352969975422E+001
 2.3050000000000001E+001  6.3839296611348921E+001
 2.3100000000000001E+001  6.4172401196432830E+001
 2.3150000000000002E+001  6.4367037768314503E+001
 2.3200000000000003E+001  6.4489253337791865E+001
 2.3250000000000000E+001  6.3847792556523757E+001
 2.3300000000000001E+001  6.3382675404014961E+001
 2.3350000000000001E+001  6.2528962888833703E+001
 2.3400000000000002E+001  6.2088966464209854E+001
 2.3450000000000003E+001  6.1011075630868739E+001
 2.3500000000000000E+001  5.9842173822127442E+001
 2.3550000000000001E+001  5.9317778069873739E+001
 2.3600000000000001E+001  5.8708602881122388E+001
 2.3650000000000002E+001  5.7949199770724000E+001
 2.3700000000000003E+001  5.7751910350550894E+001
 2.3750000000000000E+001  5.7630974909550481E+001
 2.3800000000000001E+001  5.7112588776804287E+001
 2.3850000000000001E+001  5.6839828160226126E+001
 2.3900000000000002E+001  5.6502848951929330E+001
 2.3950000000000003E+001  5.6293219755756496E+001
 2.4000000000000000E+001  5.6373894465923541E+001
 2.4050000000000001E+001  5.6255383017933262E+001
 2.4100000000000001E+001  5.6890959356588375E+001
 2.4150000000000002E+001  5.6962111980247506E+001
 2.4200000000000003E+001  5.6882169435922250E+001
 2.4250000000000000E+001  5.6627776628483097E+001
 2.4300000000000001E+001  5.6405753630975546E+001
 2.4350000000000001E+001  5.6647846628083357E+001
 2.4400000000000002E+001  5.6615202564963248E+001
 2.4450000000000003E+001  5.6214202827517866E+001
 2.4500000000000000E+001  5.5388263290047810E+001
 2.4550000000000001E+001  5.4849493365920175E+001
 2.4600000000000001E+001  5.4263068263010652E+001
 2.4650000000000002E+001  5.3553777094782703E+001
 2.4700000000000003E+001  5.2233296357303374E+001
 2.4750000000000000E+001  5.1860836074408937E+001
 2.4800000000000001E+001  5.2065236165261666E+001
 2.4850000000000001E+001  5.2100113984660275E+001
 2.4900000000000002E+001  5.2372490445733767E+001
 2.4950000000000003E+001  5.3004417161183234E+001
 2.5000000000000000E+001  5.3041159852034355E+001
 2.5050000000000001E+001  5.2876533880665299E+001
 2.5100000000000001E+001  5.2375836538893907E+001
 2.5150000000000002E+001  5.2035199897684379E+001
 2.5200000000000003E+001  5.1651117176166608E+001
 2.5250000000000000E+001  5.0831432120425049E+001
 2.5300000000000001E+001  5.0296518309435797E+001
 2.5350000000000001E+001  4.9852278590001006E+001
 2.5400000000000002E+001  4.9133923828520587E+001
 2.5450000000000003E+001  4.8756580854927833E+001
 2.5500000000000000E+001  4.8683640746532490E+001
 2.5550000000000001E+001  4.8828340228432708E+001
 2.5600000000000001E+001  4.8893276839695602E+001
 2.5650000000000002E+001  4.9099426673284157E+001
 2.5700000000000003E+001  4.8766584663968828E+001
 2.5750000000000000E+001  4.8714025025036570E+001
 2.5800000000000001E+001  4.8733385859163924E+001
 2.5850000000000001E+001  4.9086960238153232E+001
 2.5900000000000002E+001  4.9052647086931714E+001
 2.5950000000000003E+001  4.8531607775396914E+001
 2.6000000000000000E+001  4.8161297761783487E+001
 2.6050000000000001E+001  4.8122183755372717E+001
 2.6100000000000001E+001  4.7761826432111754E+001
 2.6150000000000002E+001  4.7422297583826527E+001
 2.6200000000000003E+001  4.7160621021730144E+001
 2.6250000000000000E+001  4.6840873248388682E+001
 2.6300000000000001E+001  4.6341645183593030E+001
 2.6350000000000001E+001  4.6616808237307488E+001
 2.6400000000000002E+001  4.6530520652499270E+001
 2.6450000000000003E+001  4.6133988938811022E+001
 2.6500000000000000E+001  4.5828101985703320E+001
 2.6550000000000001E+001  4.5563204550574220E+001
 2.6600000000000001E+001  4.5823137533173082E+001
 2.6650000000000002E+001  4.5914961664263892E+001
 2.6700000000000003E+001  4.6015896248610062E+001
 2.6750000000000000E+001  4.6221781758909458E+001
 2.6800000000000001E+001  4.6616663739586144E+001
 2.6850000000000001E+001  4.6776574641245276E+001
 2.6900000000000002E+001  4.6889927757236435E+001
 2.6950000000000003E+001  4.6292819708303519E+001
 2.7000000000000000E+001  4.6290044646752364E+001
 2.7050000000000001E+001  4.6044685297314771E+001
 2.7100000000000001E+001  4.5844188287650134E+001
 2.7150000000000002E+001  4.5877988308427064E+001
 2.7200000000000003E+001  4.5417062361345330E+001
 2.7250000000000000E+001  4.4777584823576639E+001
 2.7300000000000001E+001  4.4383564964057562E+001
 2.7350000000000001E+001  4.4061240198544702E+001
 2.7400000000000002E+001  4.3813095026769140E+001
 2.7450000000000003E+001  4.3244675309187144E+001
 2.7500000000000000E+001  4.2744549111751688E+001
 2.7550000000000001E+001  4.2860093457441664E+001
 2.7600000000000001E+001  4.2891771878246338E+001
 2.7650000000000002E+001  4.3168229652308092E+001
 2.7700000000000003E+001  4.2829573257286008E+001
 2.7750000000000000E+001  4.2485025262104962E+001
 2.7800000000000001E+001  4.2154573785199752E+001
 2.7850000000000001E+001  4.2131573901902655E+001
 2.7900000000000002E+001  4.1596963372577754E+001
 2.7950000000000003E+001  4.0798514940532179E+001
 2.8000000000000000E+001  4.1045377906391998E+001
 2.8050000000000001E+001  4.1091850965629156E+001
 2.8100000000000001E+001  4.0790328106812062E+001
 2.8150000000000002E+001  4.0465931718423043E+001
 2.8200000000000003E+001  4.0785316932131927E+001
 2.8250000000000000E+001  4.0801417695669002E+001
 2.8300000000000001E+001  4.0983958687850418E+001
 2.8350000000000001E+001  4.0301120236430201E+001
 2.8400000000000002E+001  3.9997706798027558E+001
 2.8450000000000003E+001  3.9989406869857341E+001
 2.8500000000000000E+001  4.0262755822434130E+001
 2.8550000000000001E+001  4.0201046521974156E+001
 2.8600000000000001E+001  4.0328960411367753E+001
 2.8650000000000002E+001  4.0063117277231143E+001
 2.8700000000000003E+001  3.9668147615446884E+001
 2.8750000000000000E+001  3.9280913115736638E+001
 2.8800000000000001E+001  3.9904402925305604E+001
 2.8850000000000001E+001  3.9613206321429480E+001
 2.8900000000000002E+001  3.9442158039246223E+001
 2.8950000000000003E+001  3.9330401710802796E+001
 2.9000000000000000E+001  3.9298584972571028E+001
 2.9050000000000001E+001  3.9650334100351593E+001
 2.9100000000000001E+001  3.9911818231270210E+001
 2.9150000000000002E+001  3.9797396506839505E+001
 2.9200000000000003E+001  3.9698154508195103E+001
 2.9250000000000000E+001  3.9586352543038416E+001
 2.9300000000000001E+001  3.9768054104756452E+001
 2.9350000000000001E+001  3.9474359137406793E+001
 2.9400000000000002E+001  3.9204094035172382E+001
 2.9450000000000003E+001  3.9270694583536986E+001
 2.9500000000000000E+001  3.9315177323069499E+001
 2.9550000000000001E+001  3.9665182338436139E+001
 2.9600000000000001E+001  3.9188473040765054E+001
 2.9650000000000002E+001  3.8986199594763875E+001
 2.9700000000000003E+001  3.8767153230665095E+001
 2.9750000000000000E+001  3.8494701717058014E+001
 2.9800000000000001E+001  3.8384229601510683E+001
 2.9850000000000001E+001  3.8503623713031025E+001
 2.9900000000000002E+001  3.8767638810857278E+001
 2.9950000000000003E+001  3.9123206378745081E+001
 3.0000000000000000E+001  3.9019012119293528E+001
 3.0050000000000001E+001  3.8829654441117107E+001
 3.0100000000000001E+001  3.8490119257045521E+001
 3.0150000000000002E+001  3.8386256907076771E+001
 3.0200000000000003E+001  3.8107845524321391E+001
 3.0250000000000000E+001  3.8050193947581754E+001
 3.0300000000000001E+001  3.8325386865879771E+001
 3.0350000000000001E+001  3.8463134397000225E+001
 3.0400000000000002E+001  3.8455290618955871E+001
 3.0450000000000003E+001  3.8520502455689154E+001
 3.0500000000000000E+001  3.9093106377093221E+001
 3.0550000000000001E+001  3.9104474041151391E+001
 3.0600000000000001E+001  3.8690008964189730E+001
 3.0650000000000002E+001  3.8706360994844793E+001
 3.0700000000000003E+001  3.8588004765351641E+001
 3.0750000000000000E+001  3.8925385536533945E+001
 3.0800000000000001E+001  3.8699911009628565E+001
 3.0850000000000001E+001  3.9146850751365086E+001
 3.0900000000000002E+001  3.8915002979491888E+001
 3.0950000000000003E+001  3.8577898798997609E+001
 3.1000000000000000E+001  3.8708969274561667E+001
 3.1050000000000001E+001  3.8928962682921622E+001
 3.1100000000000001E+001  3.8706356462717117E+001
 3.1150000000000002E+001  3.8897866431567373E+001
 3.1200000000000003E+001  3.8604082378435464E+001
 3.1250000000000000E+001  3.8702106549263142E+001
 3.1300000000000001E+001  3.8645640463947466E+001
 3.1350000000000001E+001  3.9013668425510375E+001
 3.1400000000000002E+001  3.9285476171741465E+001
 3.1450000000000003E+001  3.9274907407976507E+001
 3.1500000000000000E+001  3.9785066176487163E+001
 3.1550000000000001E+001  4.0067470108078062E+001
 3.1600000000000001E+001  3.9884145380830233E+001
 3.1650000000000002E+001  3.9658601358813684E+001
 3.1700000000000003E+001  3.9392930925488429E+001
 3.1750000000000000E+001  3.9231820854667781E+001
 3.1800000000000001E+001  3.9396038703973630E+001
 3.1850000000000001E+001  3.9350227068553650E+001
 3.1900000000000002E+001  3.9323252070129115E+001
 3.1950000000000003E+001  3.9453879883112926E+001
 3.2000000000000000E+001  3.9225869338506868E+001
 3.2050000000000004E+001  3.9662252516586520E+001
 3.2100000000000001E+001  3.9877817441226526E+001
 3.2149999999999999E+001  4.0303003577607655E+001
 3.2200000000000003E+001  4.0035137119782121E+001
 3.2250000000000000E+001  4.0420798501712135E+001
 3.2300000000000004E+001  4.0289919624746823E+001
 3.2350000000000001E+001  3.9793154292603987E+001
 3.2399999999999999E+001  4.0367940661464466E+001
 3.2450000000000003E+001  4.0669852856854192E+001
 3.2500000000000000E+001  4.0509082140815934E+001
 3.2550000000000004E+001  4.0741596319160337E+001
 3.2600000000000001E+001  4.0505393871409737E+001
 3.2649999999999999E+001  4.0238414697520128E+001
 3.2700000000000003E+001  4.0161418991867087E+001
 3.2750000000000000E+001  4.0320650628449833E+001
 3.2800000000000004E+001  4.0392357445625500E+001
 3.2850000000000001E+001  4.0425214615890333E+001
 3.2899999999999999E+001  4.0660455522799907E+001
 3.2950000000000003E+001  4.0550630935994597E+001
 3.3000000000000000E+001  4.0822493063741497E+001
 3.3050000000000004E+001  4.0694036237831163E+001
 3.3100000000000001E+001  4.0978407976426439E+001
 3.3149999999999999E+001  4.0769260132912713E+001
 3.3200000000000003E+001  4.0436070050215683E+001
 3.3250000000000000E+001  4.0193421341529721E+001
 3.3300000000000004E+001  3.9541139316020796E+001
 3.3350000000000001E+001  3.9892779564945066E+001
 3.3399999999999999E+001  3.9960639365149980E+001
 3.3450000000000003E+001  3.9287713309620877E+001
 3.3500000000000000E+001  3.9126005552970511E+001
 3.3550000000000004E+001  3.9543069094676348E+001
 3.3600000000000001E+001  3.9236174344921075E+001
 3.3649999999999999E+001  3.9250306528897070E+001
 3.3700000000000003E+001  3.9268284563980728E+001
 3.3750000000000000E+001  3.9283221791751203E+001
 3.3800000000000004E+001  3.9453321586305940E+001
 3.3850000000000001E+001  3.9467441483757653E+001
 3.3899999999999999E+001  3.9390558967785793E+001
 3.3950000000000003E+001  3.9261601347878496E+001
 3.4000000000000000E+001  3.9164792831551587E+001
 3.4050000000000004E+001  3.8561068668220052E+001
 3.4100000000000001E+001  3.8350682022768481E+001
 3.4149999999999999E+001  3.8939834596810293E+001
 3.4200000000000003E+001  3.8779720637542262E+001
 3.4250000000000000E+001  3.8821875900587770E+001
 3.4300000000000004E+001  3.9082408390096589E+001
 3.4350000000000001E+001  3.8708544088381224E+001
 3.4399999999999999E+001  3.9052569701637530E+001
 3.4450000000000003E+001  3.9031863115759194E+001
 3.4500000000000000E+001  3.8702476724274788E+001
 3.4550000000000004E+001  3.8359031980754651E+001
 3.4600000000000001E+001  3.8730573639001882E+001
 3.4649999999999999E+001  3.8704524739332449E+001
 3.4700000000000003E+001  3.8419764260946472E+001
 3.4750000000000000E+001  3.8384025041391858E+001
 3.4800000000000004E+001  3.8598046419366426E+001
 3.4850000000000001E+001  3.8515383690789719E+001
 3.4899999999999999E+001  3.8750945976572019E+001
 3.4950000000000003E+001  3.8807787713479584E+001
 3.5000000000000000E+001  3.8623249436840659E+001
 3.5050000000000004E+001  3.8752883838104523E+001
 3.5100000000000001E+001  3.8704606851340962E+001
 3.5149999999999999E+001  3.8592378312679550E+001
 3.5200000000000003E+001  3.8118487493570633E+001
 3.5250000000000000E+001  3.7593432969547223E+001
 3.5300000000000004E+001  3.7755172943912164E+001
 3.5350000000000001E+001  3.7275685827555868E+001
 3.5399999999999999E+001  3.7431503760057034E+001
 3.5450000000000003E+001  3.7753048916286787E+001
 3.5500000000000000E+001  3.7401177356239572E+001
 3.5550000000000004E+001  3.7176777593028554E+001
 3.5600000000000001E+001  3.6636167937615774E+001
 3.5649999999999999E+001  3.6423362820409409E+001
 3.5700000000000003E+001  3.6186245415368546E+001
 3.5750000000000000E+001  3.6338758195636935E+001
 3.5800000000000004E+001  3.7302852084464263E+001
 3.5850000000000001E+001  3.6175118288313833E+001
 3.5899999999999999E+001  3.5758684737949245E+001
 3.5950000000000003E+001  3.6318754093434947E+001
 3.6000000000000000E+001  3.6601104976371538E+001
 3.6050000000000004E+001  3.5540210584482288E+001
 3.6100000000000001E+001  3.5752813694173504E+001
 3.6149999999999999E+001  3.5385282506467824E+001
 3.6200000000000003E+001  3.5280596123327172E+001
 3.6250000000000000E+001  3.5812940724914746E+001
 3.6300000000000004E+001  3.6478700526678296E+001
 3.6350000000000001E+001  3.5876404640620684E+001
 3.6399999999999999E+001  3.5846748500521144E+001
 3.6450000000000003E+001  3.5757484778298149E+001
 3.6500000000000000E+001  3.5492077914287904E+001
 3.6550000000000004E+001  3.6059021343059783E+001
 3.6600000000000001E+001  3.6034004378072702E+001
 3.6649999999999999E+001  3.5737361786679600E+001
 3.6700000000000003E+001  3.6152601404739606E+001
 3.6750000000000000E+001  3.6836182112375667E+001
 3.6800000000000004E+001  3.6183140886275027E+001
 3.6850000000000001E+001  3.4693804494975545E+001
 3.6899999999999999E+001  3.5302316901591617E+001
 3.6950000000000003E+001  3.5607239719872211E+001
 3.7000000000000000E+001  3.5250499671026198E+001
 3.7050000000000004E+001  3.4581156646798235E+001
 3.7100000000000001E+001  3.4913400560905359E+001
 3.7149999999999999E+001  3.5196749593631772E+001
 3.7200000000000003E+001  3.4397020708947174E+001
 3.7250000000000000E+001  3.3970073463979645E+001
 3.7300000000000004E+001  3.4318329214679366E+001
 3.7350000000000001E+001  3.5176535452180779E+001
 3.7399999999999999E+001  3.4969402762062884E+001
 3.7450000000000003E+001  3.4777689656614307E+001
 3.7500000000000000E+001  3.3653943286177828E+001
 3.7550000000000004E+001  3.3872977484858104E+001
 3.7600000000000001E+001  3.4199295691431495E+001
 3.7649999999999999E+001  3.4436099150170357E+001
 3.7700000000000003E+001  3.4794218359183390E+001
 3.7750000000000000E+001  3.4978687308304686E+001
 3.7800000000000004E+001  3.4616634349125540E+001
 3.7850000000000001E+001  3.4303919093606787E+001
 3.7899999999999999E+001  3.3829597176107271E+001
 3.7950000000000003E+001  3.3861973356308084E+001
 3.8000000000000000E+001  3.4302468228063034E+001
 3.8050000000000004E+001  3.3555713530862782E+001
 3.8100000000000001E+001  3.3299796954497104E+001
 3.8149999999999999E+001  3.3404509948398918E+001
 3.8200000000000003E+001  3.4302323146312339E+001
 3.8250000000000000E+001  3.4213793062035492E+001
 3.8300000000000004E+001  3.3187169164011848E+001
 3.8350000000000001E+001  3.3615881950697037E+001
 3.8400000000000006E+001  3.3617025347831380E+001
 3.8450000000000003E+001  3.3881506084698820E+001
 3.8500000000000000E+001  3.3662728998438219E+001
 3.8550000000000004E+001  3.2920564132925463E+001
 3.8600000000000001E+001  3.3249795352479033E+001
 3.8650000000000006E+001  3.3807942263060397E+001
 3.8700000000000003E+001  3.2819441059927598E+001
 3.8750000000000000E+001  3.2553531766674240E+001
 3.8800000000000004E+001  3.2410152006705140E+001
 3.8850000000000001E+001  3.2678891551053553E+001
 3.8900000000000006E+001  3.3786276248438881E+001
 3.8950000000000003E+001  3.4023848222394001E+001
 3.9000000000000000E+001  3.3125803803823793E+001
 3.9050000000000004E+001  3.2038990918353754E+001
 3.9100000000000001E+001  3.2106083574032162E+001
 3.9150000000000006E+001  3.1959523521247203E+001
 3.9200000000000003E+001  3.2317499205031538E+001
 3.9250000000000000E+001  3.1532196863694001E+001
 3.9300000000000004E+001  3.1394554654629101E+001
 3.9350000000000001E+001  3.1329050847077571E+001
 3.9400000000000006E+001  3.1586373508338919E+001
 3.9450000000000003E+001  3.1596680870974005E+001
 3.9500000000000000E+001  3.1490637680132973E+001
 3.9550000000000004E+001  3.1142300144612438E+001
 3.9600000000000001E+001  3.1311878760290892E+001
 3.9650000000000006E+001  3.1789692368399905E+001
 3.9700000000000003E+001  3.0571645009663268E+001
 3.9750000000000000E+001  3.0841173546569852E+001
 3.9800000000000004E+001  3.1844308303254017E+001
 3.9850000000000001E+001  3.1379369980054786E+001
 3.9900000000000006E+001  3.1288251856035238E+001
 3.9950000000000003E+001  3.1413634534054818E+001
 4.0000000000000000E+001  3.1482882811899533E+001
 4.0050000000000004E+001  3.0639390784746514E+001
 4.0100000000000001E+001  3.1645224982822604E+001
 4.0150000000000006E+001  3.1824173598874040E+001
 4.0200000000000003E+001  3.1864836714205307E+001
 4.0250000000000000E+001  3.1429618488241349E+001
 4.0300000000000004E+001  3.1831775788670512E+001
 4.0350000000000001E+001  3.1153108187840651E+001
 4.0400000000000006E+001  3.0423153135273044E+001
 4.0450000000000003E+001  3.0131936662465339E+001
 4.0500000000000000E+001  3.0726947257336413E+001
 4.0550000000000004E+001  3.1812343385868470E+001
 4.0600000000000001E+001  3.1052989444555369E+001
 4.0650000000000006E+001  3.1677694253197490E+001
 4.0700000000000003E+001  3.0748711966928486E+001
 4.0750000000000000E+001  3.1342977829989845E+001
 4.0800000000000004E+001  3.2320744649780401E+001
 4.0850000000000001E+001  3.3428708479617860E+001
 4.0900000000000006E+001  3.3158861055062744E+001
 4.0950000000000003E+001  3.3793258420326914E+001
 4.1000000000000000E+001  3.1989746155857407E+001
 4.1050000000000004E+001  3.2487169742321917E+001
 4.1100000000000001E+001  2.6732666796270543E+001
 4.1150000000000006E+001  3.3062606292571722E+001
 4.1200000000000003E+001  4.3504936620255179E+001
 4.1250000000000000E+001  5.0161257000439001E+001
