 2.4000000000000004E+000  1.6563795709899892E+001
 2.4500000000000002E+000  1.4860236452018940E+001
 2.5000000000000000E+000  1.5128414560781167E+001
 2.5500000000000003E+000  1.6230372519348382E+001
 2.6000000000000001E+000  1.7184960443730787E+001
 2.6500000000000004E+000  1.9407642253970437E+001
 2.7000000000000002E+000  2.4112838962750953E+001
 2.7500000000000000E+000  4.2098928761290779E+001
 2.8000000000000003E+000  1.0202688777984687E+002
 2.8500000000000001E+000  2.1640888465677708E+002
 2.9000000000000004E+000  3.2999019292505051E+002
 2.9500000000000002E+000  4.5990294834360395E+002
 3.0000000000000000E+000  6.0655741393281676E+002
 3.0500000000000003E+000  6.8806503080529660E+002
 3.1000000000000001E+000  6.7749763261434259E+002
 3.1500000000000004E+000  5.6903469586961671E+002
 3.2000000000000002E+000  4.3233770106226666E+002
 3.2500000000000000E+000  3.4970178888453370E+002
 3.3000000000000003E+000  3.2021850110221345E+002
 3.3500000000000001E+000  3.1769796182210928E+002
 3.4000000000000004E+000  3.2537427752315898E+002
 3.4500000000000002E+000  3.3882357762176963E+002
 3.5000000000000000E+000  3.6314370996299931E+002
 3.5500000000000003E+000  3.6701224594046175E+002
 3.6000000000000001E+000  3.1732104467675560E+002
 3.6500000000000004E+000  2.4364979105491699E+002
 3.7000000000000002E+000  1.9600394494954253E+002
 3.7500000000000000E+000  1.7698450247076619E+002
 3.8000000000000003E+000  1.8414585484373345E+002
 3.8500000000000001E+000  1.9195750480805017E+002
 3.9000000000000004E+000  1.9559384149018840E+002
 3.9500000000000002E+000  1.6894124334122606E+002
 4.0000000000000000E+000  1.3263069248149085E+002
 4.0499999999999998E+000  9.9352754055310939E+001
 4.1000000000000005E+000  7.4912915575087851E+001
 4.1500000000000004E+000  5.8077170134739468E+001
 4.2000000000000002E+000  4.7367513256087264E+001
 4.2500000000000000E+000  4.0784838718996241E+001
 4.2999999999999998E+000  3.7552450668923932E+001
 4.3500000000000005E+000  3.6980003327489442E+001
 4.4000000000000004E+000  3.7922861700701276E+001
 4.4500000000000002E+000  4.0976077696610567E+001
 4.5000000000000000E+000  4.4266321881586883E+001
 4.5499999999999998E+000  4.6142278071391090E+001
 4.6000000000000005E+000  4.6584450423685503E+001
 4.6500000000000004E+000  4.5237339978351145E+001
 4.7000000000000002E+000  4.4667842904271943E+001
 4.7500000000000000E+000  4.5971327157188270E+001
 4.8000000000000007E+000  4.9372682173677148E+001
 4.8500000000000005E+000  5.0770083120947319E+001
 4.9000000000000004E+000  4.8542762824125965E+001
 4.9500000000000002E+000  4.4520312634406608E+001
 5.0000000000000000E+000  4.2706012783472339E+001
 5.0500000000000007E+000  4.4833500186127885E+001
 5.1000000000000005E+000  4.9978178635646998E+001
 5.1500000000000004E+000  5.7725544306337120E+001
 5.2000000000000002E+000  6.9405720600888799E+001
 5.2500000000000000E+000  8.2550191256038673E+001
 5.3000000000000007E+000  9.5003809878913955E+001
 5.3500000000000005E+000  1.0187483764165677E+002
 5.4000000000000004E+000  1.0275421290458939E+002
 5.4500000000000002E+000  9.6597526827658228E+001
 5.5000000000000000E+000  8.9314459285364848E+001
 5.5500000000000007E+000  8.3000837371831821E+001
 5.6000000000000005E+000  7.9600088504796275E+001
 5.6500000000000004E+000  8.1243543507359490E+001
 5.7000000000000002E+000  8.4559209015595144E+001
 5.7500000000000000E+000  8.9943970538421112E+001
 5.8000000000000007E+000  9.8375695847684725E+001
 5.8500000000000005E+000  1.1068377698655316E+002
 5.9000000000000004E+000  1.2378142792791328E+002
 5.9500000000000002E+000  1.3715059494923131E+002
 6.0000000000000000E+000  1.4592844806654887E+002
 6.0500000000000007E+000  1.4780967416768084E+002
 6.1000000000000005E+000  1.4197854528691684E+002
 6.1500000000000004E+000  1.3085333565074021E+002
 6.2000000000000002E+000  1.1443394394151393E+002
 6.2500000000000000E+000  9.9917154551123986E+001
 6.3000000000000007E+000  9.0485234260878997E+001
 6.3500000000000005E+000  8.4929798036236264E+001
 6.4000000000000004E+000  8.0617799430673514E+001
 6.4500000000000002E+000  7.8164744253116268E+001
 6.5000000000000000E+000  7.6531825142820992E+001
 6.5500000000000007E+000  7.4710870736459441E+001
 6.6000000000000005E+000  7.4005214893600026E+001
 6.6500000000000004E+000  7.3361048019307020E+001
 6.7000000000000002E+000  7.4965931469381019E+001
 6.7500000000000000E+000  7.9527181351058047E+001
 6.8000000000000007E+000  8.4345554338421636E+001
 6.8500000000000005E+000  8.9026942208359614E+001
 6.9000000000000004E+000  8.8387605695854177E+001
 6.9500000000000002E+000  8.3917517855718870E+001
 7.0000000000000000E+000  7.8941142143585424E+001
 7.0500000000000007E+000  7.5798191702451660E+001
 7.1000000000000005E+000  7.4461973101684578E+001
 7.1500000000000004E+000  7.4183763342550819E+001
 7.2000000000000002E+000  7.4359661782036397E+001
 7.2500000000000000E+000  7.3740004942481477E+001
 7.3000000000000007E+000  7.2633455843787161E+001
 7.3500000000000005E+000  7.3308329065545863E+001
 7.4000000000000004E+000  7.4553888186062508E+001
 7.4500000000000002E+000  7.7536147751087711E+001
 7.5000000000000000E+000  8.2770406738873419E+001
 7.5500000000000007E+000  8.9589208567604658E+001
 7.6000000000000005E+000  9.7459499393323597E+001
 7.6500000000000004E+000  1.0430476999749706E+002
 7.7000000000000002E+000  1.1276206196737655E+002
 7.7500000000000000E+000  1.2199464096608747E+002
 7.8000000000000007E+000  1.3076265290656085E+002
 7.8500000000000005E+000  1.3831696405954025E+002
 7.9000000000000004E+000  1.4232658720014527E+002
 7.9500000000000002E+000  1.4554548296987466E+002
 8.0000000000000000E+000  1.4826695198006976E+002
 8.0500000000000007E+000  1.5014421211891926E+002
 8.0999999999999996E+000  1.4962089123580290E+002
 8.1500000000000004E+000  1.4754453052352056E+002
 8.2000000000000011E+000  1.4364079326192680E+002
 8.2500000000000000E+000  1.3981827414317399E+002
 8.3000000000000007E+000  1.3486076702433721E+002
 8.3499999999999996E+000  1.3077176039298166E+002
 8.4000000000000004E+000  1.2831946831197158E+002
 8.4500000000000011E+000  1.2823911630863807E+002
 8.5000000000000000E+000  1.3047211836014691E+002
 8.5500000000000007E+000  1.3289583702987085E+002
 8.5999999999999996E+000  1.3452537056920787E+002
 8.6500000000000004E+000  1.3402590636607519E+002
 8.7000000000000011E+000  1.3050911615553716E+002
 8.7500000000000000E+000  1.2437919064073709E+002
 8.8000000000000007E+000  1.1863900663025034E+002
 8.8499999999999996E+000  1.1304061209728395E+002
 8.9000000000000004E+000  1.0938499174169237E+002
 8.9500000000000011E+000  1.0796021789184462E+002
 9.0000000000000000E+000  1.0624522415186111E+002
 9.0500000000000007E+000  1.0346585427007656E+002
 9.0999999999999996E+000  9.8654696503206310E+001
 9.1500000000000004E+000  9.2906206931910432E+001
 9.2000000000000011E+000  8.7487734767496832E+001
 9.2500000000000000E+000  8.2898634267364514E+001
 9.3000000000000007E+000  7.9179832179906640E+001
 9.3499999999999996E+000  7.5819763537906695E+001
 9.4000000000000004E+000  7.3622271964434645E+001
 9.4500000000000011E+000  7.2473090138423046E+001
 9.5000000000000000E+000  7.1442747511342162E+001
 9.5500000000000007E+000  7.0117075927030967E+001
 9.6000000000000014E+000  6.8714306647559184E+001
 9.6500000000000004E+000  6.6986245550098857E+001
 9.7000000000000011E+000  6.5855403230257863E+001
 9.7500000000000000E+000  6.5091016046020229E+001
 9.8000000000000007E+000  6.3945498205402728E+001
 9.8500000000000014E+000  6.3279091806062148E+001
 9.9000000000000004E+000  6.2777755170039818E+001
 9.9500000000000011E+000  6.2064316515338383E+001
 1.0000000000000000E+001  6.1388193638969774E+001
 1.0050000000000001E+001  6.1324680524018504E+001
 1.0100000000000001E+001  6.1186089257211869E+001
 1.0150000000000000E+001  6.1828958664148516E+001
 1.0200000000000001E+001  6.1982306016783348E+001
 1.0250000000000000E+001  6.2242323371699193E+001
 1.0300000000000001E+001  6.3450247439943269E+001
 1.0350000000000001E+001  6.5056001890453359E+001
 1.0400000000000000E+001  6.6399404681568868E+001
 1.0450000000000001E+001  6.7628357150245918E+001
 1.0500000000000000E+001  6.9021398291719933E+001
 1.0550000000000001E+001  7.1364490884271632E+001
 1.0600000000000001E+001  7.3714035622347836E+001
 1.0650000000000000E+001  7.7009079058429606E+001
 1.0700000000000001E+001  8.1648439660366734E+001
 1.0750000000000000E+001  8.5706357119172921E+001
 1.0800000000000001E+001  8.9099826904495274E+001
 1.0850000000000001E+001  9.1427724054580082E+001
 1.0900000000000000E+001  9.2672262056117361E+001
 1.0950000000000001E+001  9.2098797710854299E+001
 1.1000000000000000E+001  8.8566351536860694E+001
 1.1050000000000001E+001  8.4667298841897875E+001
 1.1100000000000001E+001  8.2766602893418735E+001
 1.1150000000000000E+001  8.2838069463873722E+001
 1.1200000000000001E+001  8.4279467543187664E+001
 1.1250000000000000E+001  8.5752802044577479E+001
 1.1300000000000001E+001  8.6499643924490456E+001
 1.1350000000000001E+001  8.5427275950402333E+001
 1.1400000000000000E+001  8.4358556732037812E+001
 1.1450000000000001E+001  8.2978730134901738E+001
 1.1500000000000000E+001  8.1087832754677407E+001
 1.1550000000000001E+001  7.9946909583578091E+001
 1.1600000000000001E+001  7.8261075988207040E+001
 1.1650000000000000E+001  7.6780471582042722E+001
 1.1700000000000001E+001  7.7726599962328251E+001
 1.1750000000000000E+001  7.9512044954299697E+001
 1.1800000000000001E+001  8.2467148748104123E+001
 1.1850000000000001E+001  8.6347284645965999E+001
 1.1900000000000000E+001  9.0775130512543242E+001
 1.1950000000000001E+001  9.4096498229990942E+001
 1.2000000000000000E+001  9.6069441892404441E+001
 1.2050000000000001E+001  9.6875381620448536E+001
 1.2100000000000001E+001  9.6269566403385014E+001
 1.2150000000000000E+001  9.4128475943123746E+001
 1.2200000000000001E+001  9.0358285235107559E+001
 1.2250000000000000E+001  8.6256259631458519E+001
 1.2300000000000001E+001  8.1547783874551243E+001
 1.2350000000000001E+001  7.8070824040873873E+001
 1.2400000000000000E+001  7.7364421079558440E+001
 1.2450000000000001E+001  7.6948349186122343E+001
 1.2500000000000000E+001  7.6940607595913889E+001
 1.2550000000000001E+001  7.8330385411896671E+001
 1.2600000000000001E+001  8.0754018835814591E+001
 1.2650000000000000E+001  8.1636924183133459E+001
 1.2700000000000001E+001  8.1371998825204926E+001
 1.2750000000000000E+001  8.0904441529026911E+001
 1.2800000000000001E+001  8.0048579167012790E+001
 1.2850000000000001E+001  7.9046220363043503E+001
 1.2900000000000000E+001  7.6920261177708099E+001
 1.2950000000000001E+001  7.5576760795315792E+001
 1.3000000000000000E+001  7.3742254986366149E+001
 1.3050000000000001E+001  7.2220527785697442E+001
 1.3100000000000001E+001  7.0268817271010704E+001
 1.3150000000000000E+001  6.9694902662542020E+001
 1.3200000000000001E+001  6.9535974735671189E+001
 1.3250000000000000E+001  6.9112570047714684E+001
 1.3300000000000001E+001  6.9334325951578450E+001
 1.3350000000000001E+001  6.9588455179381540E+001
 1.3400000000000000E+001  7.0593097482792842E+001
 1.3450000000000001E+001  7.1472606891604201E+001
 1.3500000000000000E+001  7.1530849136047465E+001
 1.3550000000000001E+001  7.0734566344767856E+001
 1.3600000000000001E+001  6.9762453726555236E+001
 1.3650000000000000E+001  6.8934851088920141E+001
 1.3700000000000001E+001  6.7975005144102411E+001
 1.3750000000000000E+001  6.7422206997745533E+001
 1.3800000000000001E+001  6.8570878026949018E+001
 1.3850000000000001E+001  7.0783498915533571E+001
 1.3900000000000000E+001  7.2986559993225214E+001
 1.3950000000000001E+001  7.3946801068318479E+001
 1.4000000000000000E+001  7.5234017438440418E+001
 1.4050000000000001E+001  7.5322402207499493E+001
 1.4100000000000001E+001  7.3605127027442990E+001
 1.4150000000000000E+001  7.1874963914822288E+001
 1.4200000000000001E+001  7.0163448614296072E+001
 1.4250000000000000E+001  6.9240633486644796E+001
 1.4300000000000001E+001  6.9184603096566988E+001
 1.4350000000000001E+001  6.8881419785829351E+001
 1.4400000000000000E+001  6.8833275801329776E+001
 1.4450000000000001E+001  6.8325367046177774E+001
 1.4500000000000000E+001  6.7340655349743955E+001
 1.4550000000000001E+001  6.6310003687457026E+001
 1.4600000000000001E+001  6.5572414418575903E+001
 1.4650000000000000E+001  6.5164934801167448E+001
 1.4700000000000001E+001  6.4760130964287882E+001
 1.4750000000000000E+001  6.4411410964576675E+001
 1.4800000000000001E+001  6.4838192625449821E+001
 1.4850000000000001E+001  6.5572605588192985E+001
 1.4900000000000000E+001  6.5361110430227868E+001
 1.4950000000000001E+001  6.5441279240359805E+001
 1.5000000000000000E+001  6.5896212832401361E+001
 1.5050000000000001E+001  6.5986771809360278E+001
 1.5100000000000001E+001  6.6380515608466141E+001
 1.5150000000000000E+001  6.5438013654352488E+001
 1.5200000000000001E+001  6.4698155956021836E+001
 1.5250000000000000E+001  6.4393219324719908E+001
 1.5300000000000001E+001  6.4421453646329240E+001
 1.5350000000000001E+001  6.3611389427895581E+001
 1.5400000000000000E+001  6.2624741217887639E+001
 1.5450000000000001E+001  6.2232750349398152E+001
 1.5500000000000000E+001  6.1986562663503790E+001
 1.5550000000000001E+001  6.1718053656568635E+001
 1.5600000000000001E+001  6.2342541831748541E+001
 1.5650000000000000E+001  6.2628706671908333E+001
 1.5700000000000001E+001  6.2763512001412785E+001
 1.5750000000000000E+001  6.2249564928856643E+001
 1.5800000000000001E+001  6.1382042824652146E+001
 1.5850000000000001E+001  6.0944532941006656E+001
 1.5900000000000000E+001  6.0509075236822369E+001
 1.5950000000000001E+001  6.0661502508084666E+001
 1.6000000000000000E+001  6.0363431502161589E+001
 1.6050000000000001E+001  6.0655395065037652E+001
 1.6100000000000001E+001  6.0621941050485873E+001
 1.6150000000000002E+001  6.0096333604544874E+001
 1.6199999999999999E+001  6.0369105778405611E+001
 1.6250000000000000E+001  6.0946664701841264E+001
 1.6300000000000001E+001  6.1297969633502042E+001
 1.6350000000000001E+001  6.1798132000627604E+001
 1.6400000000000002E+001  6.2244172287922133E+001
 1.6449999999999999E+001  6.2619779428444417E+001
 1.6500000000000000E+001  6.3002788757912505E+001
 1.6550000000000001E+001  6.3553338939907341E+001
 1.6600000000000001E+001  6.3968737046678783E+001
 1.6650000000000002E+001  6.4648359777318674E+001
 1.6699999999999999E+001  6.5017540206780509E+001
 1.6750000000000000E+001  6.5983285026375412E+001
 1.6800000000000001E+001  6.6333667317144318E+001
 1.6850000000000001E+001  6.5445852161965050E+001
 1.6900000000000002E+001  6.4862287594268764E+001
 1.6949999999999999E+001  6.5007435034214254E+001
 1.7000000000000000E+001  6.4544534107725610E+001
 1.7050000000000001E+001  6.3855673681054206E+001
 1.7100000000000001E+001  6.4200061912889709E+001
 1.7150000000000002E+001  6.4730925079649410E+001
 1.7199999999999999E+001  6.5177089609218214E+001
 1.7250000000000000E+001  6.5765811933204361E+001
 1.7300000000000001E+001  6.6425220374596776E+001
 1.7350000000000001E+001  6.6351218071526063E+001
 1.7400000000000002E+001  6.6443860791908364E+001
 1.7449999999999999E+001  6.7154303407349403E+001
 1.7500000000000000E+001  6.7651709810935046E+001
 1.7550000000000001E+001  6.7734720813353547E+001
 1.7600000000000001E+001  6.7914972049342850E+001
 1.7650000000000002E+001  6.7830990504067827E+001
 1.7699999999999999E+001  6.7767147137498895E+001
 1.7750000000000000E+001  6.7864631125704932E+001
 1.7800000000000001E+001  6.7894008347661853E+001
 1.7850000000000001E+001  6.7178607759715987E+001
 1.7900000000000002E+001  6.7217824304598494E+001
 1.7949999999999999E+001  6.7160321602497845E+001
 1.8000000000000000E+001  6.6990336182116167E+001
 1.8050000000000001E+001  6.6856014737150261E+001
 1.8100000000000001E+001  6.7022684578490555E+001
 1.8150000000000002E+001  6.6987615483342083E+001
 1.8199999999999999E+001  6.6931906119577476E+001
 1.8250000000000000E+001  6.6901513264283153E+001
 1.8300000000000001E+001  6.7232520846628475E+001
 1.8350000000000001E+001  6.8250815746852609E+001
 1.8400000000000002E+001  6.8801745892569556E+001
 1.8449999999999999E+001  6.8956732003809904E+001
 1.8500000000000000E+001  6.9259569238699669E+001
 1.8550000000000001E+001  6.9612635989737925E+001
 1.8600000000000001E+001  6.9328555308021024E+001
 1.8650000000000002E+001  6.9037059946642700E+001
 1.8699999999999999E+001  6.8564293522120010E+001
 1.8750000000000000E+001  6.8211291795381825E+001
 1.8800000000000001E+001  6.7578881892489292E+001
 1.8850000000000001E+001  6.7668810821389187E+001
 1.8900000000000002E+001  6.7982346554997250E+001
 1.8949999999999999E+001  6.7879277484679108E+001
 1.9000000000000000E+001  6.7913479271645741E+001
 1.9050000000000001E+001  6.8146792430201998E+001
 1.9100000000000001E+001  6.8408535329397111E+001
 1.9150000000000002E+001  6.8473292506053241E+001
 1.9200000000000003E+001  6.8438582361840773E+001
 1.9250000000000000E+001  6.8360460883308178E+001
 1.9300000000000001E+001  6.8015742688375823E+001
 1.9350000000000001E+001  6.7401899818622709E+001
 1.9400000000000002E+001  6.7399805059522151E+001
 1.9450000000000003E+001  6.8145922612705064E+001
 1.9500000000000000E+001  6.8454593917312522E+001
 1.9550000000000001E+001  6.8324526224707625E+001
 1.9600000000000001E+001  6.8519225220537280E+001
 1.9650000000000002E+001  6.8049711593712303E+001
 1.9700000000000003E+001  6.7831614625940517E+001
 1.9750000000000000E+001  6.7861658853923132E+001
 1.9800000000000001E+001  6.8399115629663029E+001
 1.9850000000000001E+001  6.8296821371023611E+001
 1.9900000000000002E+001  6.7748356066331993E+001
 1.9950000000000003E+001  6.7041216890289633E+001
 2.0000000000000000E+001  6.7096911796491185E+001
 2.0050000000000001E+001  6.7477968095906959E+001
 2.0100000000000001E+001  6.7418748346598449E+001
 2.0150000000000002E+001  6.7098909507910264E+001
 2.0200000000000003E+001  6.6974249026158546E+001
 2.0250000000000000E+001  6.7075748742181986E+001
 2.0300000000000001E+001  6.6975929705312652E+001
 2.0350000000000001E+001  6.6701143845385189E+001
 2.0400000000000002E+001  6.6736636238454949E+001
 2.0450000000000003E+001  6.7031402699354004E+001
 2.0500000000000000E+001  6.6914087289109631E+001
 2.0550000000000001E+001  6.6822948039992042E+001
 2.0600000000000001E+001  6.6824537988676681E+001
 2.0650000000000002E+001  6.6840090381497689E+001
 2.0700000000000003E+001  6.7527168618477688E+001
 2.0750000000000000E+001  6.8016507332353527E+001
 2.0800000000000001E+001  6.8717646384235692E+001
 2.0850000000000001E+001  6.8656109670704183E+001
 2.0900000000000002E+001  6.9098138864088682E+001
 2.0950000000000003E+001  6.9505510769282949E+001
 2.1000000000000000E+001  7.0443409128858221E+001
 2.1050000000000001E+001  7.1032898458924748E+001
 2.1100000000000001E+001  7.1566866252958803E+001
 2.1150000000000002E+001  7.1417373212926918E+001
 2.1200000000000003E+001  7.1263623741376833E+001
 2.1250000000000000E+001  7.0628531608216022E+001
 2.1300000000000001E+001  6.9992174474865990E+001
 2.1350000000000001E+001  6.9520341325452918E+001
 2.1400000000000002E+001  6.9181209341877960E+001
 2.1450000000000003E+001  6.8878823153693105E+001
 2.1500000000000000E+001  6.8787943293689850E+001
 2.1550000000000001E+001  6.8696184536500581E+001
 2.1600000000000001E+001  6.8568003948988107E+001
 2.1650000000000002E+001  6.8597111709564416E+001
 2.1700000000000003E+001  6.8950370749334610E+001
 2.1750000000000000E+001  6.9119122612545837E+001
 2.1800000000000001E+001  6.8313841575464295E+001
 2.1850000000000001E+001  6.7795725735034026E+001
 2.1900000000000002E+001  6.7530813261002464E+001
 2.1950000000000003E+001  6.6957155441156630E+001
 2.2000000000000000E+001  6.6466540749375625E+001
 2.2050000000000001E+001  6.6510964546106592E+001
 2.2100000000000001E+001  6.5819383231731607E+001
 2.2150000000000002E+001  6.5625807774385407E+001
 2.2200000000000003E+001  6.5570926662027119E+001
 2.2250000000000000E+001  6.5835008589291860E+001
 2.2300000000000001E+001  6.5720302760969460E+001
 2.2350000000000001E+001  6.5468905469448330E+001
 2.2400000000000002E+001  6.5487018799534795E+001
 2.2450000000000003E+001  6.4977748893659722E+001
 2.2500000000000000E+001  6.4153918695576436E+001
 2.2550000000000001E+001  6.4207677791560016E+001
 2.2600000000000001E+001  6.4020484841689054E+001
 2.2650000000000002E+001  6.3495287220158588E+001
 2.2700000000000003E+001  6.3182212483614919E+001
 2.2750000000000000E+001  6.3078947406269997E+001
 2.2800000000000001E+001  6.2803308987464675E+001
 2.2850000000000001E+001  6.1885277224598660E+001
 2.2900000000000002E+001  6.1332195936261591E+001
 2.2950000000000003E+001  6.0794241232928904E+001
 2.3000000000000000E+001  6.0648293997049734E+001
 2.3050000000000001E+001  6.0675678530276215E+001
 2.3100000000000001E+001  6.0017746342336387E+001
 2.3150000000000002E+001  5.9781012946424489E+001
 2.3200000000000003E+001  5.9575325957135625E+001
 2.3250000000000000E+001  5.9248644390342875E+001
 2.3300000000000001E+001  5.8989460067131070E+001
 2.3350000000000001E+001  5.8693976616930918E+001
 2.3400000000000002E+001  5.8629237494577858E+001
 2.3450000000000003E+001  5.8432299174817686E+001
 2.3500000000000000E+001  5.7956110277108081E+001
 2.3550000000000001E+001  5.7486744168031919E+001
 2.3600000000000001E+001  5.7787397970697185E+001
 2.3650000000000002E+001  5.7944499525289849E+001
 2.3700000000000003E+001  5.7790583989065823E+001
 2.3750000000000000E+001  5.7390036487465309E+001
 2.3800000000000001E+001  5.6810437506347846E+001
 2.3850000000000001E+001  5.7210738719634350E+001
 2.3900000000000002E+001  5.6855780760953557E+001
 2.3950000000000003E+001  5.6500901571216893E+001
 2.4000000000000000E+001  5.6615189804656410E+001
 2.4050000000000001E+001  5.6572348426232921E+001
 2.4100000000000001E+001  5.5637988968514854E+001
 2.4150000000000002E+001  5.5363362185969976E+001
 2.4200000000000003E+001  5.5708208764529708E+001
 2.4250000000000000E+001  5.5470245560469039E+001
 2.4300000000000001E+001  5.4867005445425924E+001
 2.4350000000000001E+001  5.4619130298292205E+001
 2.4400000000000002E+001  5.4469098552617716E+001
 2.4450000000000003E+001  5.4555103990004348E+001
 2.4500000000000000E+001  5.4479616148980718E+001
 2.4550000000000001E+001  5.4189073548999559E+001
 2.4600000000000001E+001  5.3904475087324236E+001
 2.4650000000000002E+001  5.3878219463002267E+001
 2.4700000000000003E+001  5.3767903551938090E+001
 2.4750000000000000E+001  5.3219125813236488E+001
 2.4800000000000001E+001  5.2946835912408027E+001
 2.4850000000000001E+001  5.2421662762526360E+001
 2.4900000000000002E+001  5.2459087515355158E+001
 2.4950000000000003E+001  5.2560757359803411E+001
 2.5000000000000000E+001  5.2653375044373369E+001
 2.5050000000000001E+001  5.2241590611190894E+001
 2.5100000000000001E+001  5.1901098214531885E+001
 2.5150000000000002E+001  5.1589939267313483E+001
 2.5200000000000003E+001  5.1512314077988947E+001
 2.5250000000000000E+001  5.1544993591848055E+001
 2.5300000000000001E+001  5.1940631560582311E+001
 2.5350000000000001E+001  5.1901925424569740E+001
 2.5400000000000002E+001  5.1682298354052122E+001
 2.5450000000000003E+001  5.1185213639784415E+001
 2.5500000000000000E+001  5.0797802577681452E+001
 2.5550000000000001E+001  5.0345508800680520E+001
 2.5600000000000001E+001  5.0621960617971510E+001
 2.5650000000000002E+001  5.0572431046140146E+001
 2.5700000000000003E+001  5.0157226021196969E+001
 2.5750000000000000E+001  4.9972540798418130E+001
 2.5800000000000001E+001  4.9548214194224073E+001
 2.5850000000000001E+001  4.9224857983672784E+001
 2.5900000000000002E+001  4.9000652387204546E+001
 2.5950000000000003E+001  4.8798751268192419E+001
 2.6000000000000000E+001  4.8868695634526546E+001
 2.6050000000000001E+001  4.8687502934293690E+001
 2.6100000000000001E+001  4.8361607857387128E+001
 2.6150000000000002E+001  4.8659627387099583E+001
 2.6200000000000003E+001  4.8564611001685840E+001
 2.6250000000000000E+001  4.7963526319073409E+001
 2.6300000000000001E+001  4.7689743850952887E+001
 2.6350000000000001E+001  4.7284779102703943E+001
 2.6400000000000002E+001  4.7386764318487330E+001
 2.6450000000000003E+001  4.7452174143805770E+001
 2.6500000000000000E+001  4.7030290277406650E+001
 2.6550000000000001E+001  4.6813630651124832E+001
 2.6600000000000001E+001  4.6578272649013513E+001
 2.6650000000000002E+001  4.6547075358936567E+001
 2.6700000000000003E+001  4.6246434364894967E+001
 2.6750000000000000E+001  4.6412196511728709E+001
 2.6800000000000001E+001  4.6005346610523034E+001
 2.6850000000000001E+001  4.5490444504984730E+001
 2.6900000000000002E+001  4.5342306457499575E+001
 2.6950000000000003E+001  4.5040108022515568E+001
 2.7000000000000000E+001  4.5066499517084004E+001
 2.7050000000000001E+001  4.5137993825920695E+001
 2.7100000000000001E+001  4.5201501051602520E+001
 2.7150000000000002E+001  4.4951205957244355E+001
 2.7200000000000003E+001  4.4905120140363906E+001
 2.7250000000000000E+001  4.4546796368700626E+001
 2.7300000000000001E+001  4.3994535614843137E+001
 2.7350000000000001E+001  4.3739357984388569E+001
 2.7400000000000002E+001  4.3829901317436622E+001
 2.7450000000000003E+001  4.4208878946032833E+001
 2.7500000000000000E+001  4.4143031452337134E+001
 2.7550000000000001E+001  4.3801654667512928E+001
 2.7600000000000001E+001  4.3402053710416418E+001
 2.7650000000000002E+001  4.3152900460383925E+001
 2.7700000000000003E+001  4.3189605796952073E+001
 2.7750000000000000E+001  4.2765272095718650E+001
 2.7800000000000001E+001  4.2635798094526095E+001
 2.7850000000000001E+001  4.2531348550745754E+001
 2.7900000000000002E+001  4.2613802398028596E+001
 2.7950000000000003E+001  4.2502669751467927E+001
 2.8000000000000000E+001  4.2503487607464223E+001
 2.8050000000000001E+001  4.2209538811617648E+001
 2.8100000000000001E+001  4.2106977899206676E+001
 2.8150000000000002E+001  4.2016882961117638E+001
 2.8200000000000003E+001  4.1964334098348786E+001
 2.8250000000000000E+001  4.1813584356502247E+001
 2.8300000000000001E+001  4.1827809571804451E+001
 2.8350000000000001E+001  4.1788479569231960E+001
 2.8400000000000002E+001  4.1824508738346758E+001
 2.8450000000000003E+001  4.1738825230571123E+001
 2.8500000000000000E+001  4.1667328555273194E+001
 2.8550000000000001E+001  4.1455565910787556E+001
 2.8600000000000001E+001  4.1003390816587277E+001
 2.8650000000000002E+001  4.0312086037501942E+001
 2.8700000000000003E+001  4.0236070001903634E+001
 2.8750000000000000E+001  4.0669191560031564E+001
 2.8800000000000001E+001  4.0615457509818938E+001
 2.8850000000000001E+001  4.0639670136217845E+001
 2.8900000000000002E+001  4.0060359615496431E+001
 2.8950000000000003E+001  4.0367085451358122E+001
 2.9000000000000000E+001  4.0517483840587147E+001
 2.9050000000000001E+001  4.0272480521406919E+001
 2.9100000000000001E+001  3.9814325587441424E+001
 2.9150000000000002E+001  3.9843128706284311E+001
 2.9200000000000003E+001  3.9814624652674354E+001
 2.9250000000000000E+001  3.9866060897249554E+001
 2.9300000000000001E+001  3.9778223471423424E+001
 2.9350000000000001E+001  4.0014178675741704E+001
 2.9400000000000002E+001  3.9737899453463228E+001
 2.9450000000000003E+001  3.9535511434401123E+001
 2.9500000000000000E+001  3.9630560657140371E+001
 2.9550000000000001E+001  3.9472670684980763E+001
 2.9600000000000001E+001  3.9421482878751675E+001
 2.9650000000000002E+001  3.9182148502443404E+001
 2.9700000000000003E+001  3.9279789759089560E+001
 2.9750000000000000E+001  3.9457681939709047E+001
 2.9800000000000001E+001  3.9347339713557069E+001
 2.9850000000000001E+001  3.9016183239888790E+001
 2.9900000000000002E+001  3.9114204946779388E+001
 2.9950000000000003E+001  3.8853536417114590E+001
 3.0000000000000000E+001  3.8977613641982167E+001
 3.0050000000000001E+001  3.8966835151620074E+001
 3.0100000000000001E+001  3.9013069973620460E+001
 3.0150000000000002E+001  3.8651236255755400E+001
 3.0200000000000003E+001  3.8566114087600191E+001
 3.0250000000000000E+001  3.8583832377185338E+001
 3.0300000000000001E+001  3.8657009674253622E+001
 3.0350000000000001E+001  3.9006656671018419E+001
 3.0400000000000002E+001  3.8973565453633107E+001
 3.0450000000000003E+001  3.8742209254717338E+001
 3.0500000000000000E+001  3.8932904954012940E+001
 3.0550000000000001E+001  3.8888432386047675E+001
 3.0600000000000001E+001  3.9088966773647485E+001
 3.0650000000000002E+001  3.9412753097151352E+001
 3.0700000000000003E+001  3.9156230350455679E+001
 3.0750000000000000E+001  3.8852194054640051E+001
 3.0800000000000001E+001  3.9030779723858203E+001
 3.0850000000000001E+001  3.9101196723656884E+001
 3.0900000000000002E+001  3.9016794192320667E+001
 3.0950000000000003E+001  3.9028665295030969E+001
 3.1000000000000000E+001  3.9004602587681262E+001
 3.1050000000000001E+001  3.9108656170557012E+001
 3.1100000000000001E+001  3.9352417710351439E+001
 3.1150000000000002E+001  3.9344151761892263E+001
 3.1200000000000003E+001  3.9045571091029011E+001
 3.1250000000000000E+001  3.8929771196140045E+001
 3.1300000000000001E+001  3.9149084995819848E+001
 3.1350000000000001E+001  3.9172277762985161E+001
 3.1400000000000002E+001  3.9097229096899589E+001
 3.1450000000000003E+001  3.9181559384985313E+001
 3.1500000000000000E+001  3.9110597402596156E+001
 3.1550000000000001E+001  3.9049445721038531E+001
 3.1600000000000001E+001  3.9722884493611417E+001
 3.1650000000000002E+001  3.9979038051990699E+001
 3.1700000000000003E+001  3.9705804291934257E+001
 3.1750000000000000E+001  3.9650179295808869E+001
 3.1800000000000001E+001  3.9957519585069328E+001
 3.1850000000000001E+001  3.9536011162567902E+001
 3.1900000000000002E+001  3.9396564562480414E+001
 3.1950000000000003E+001  3.9767363182970911E+001
 3.2000000000000000E+001  4.0213440440748357E+001
 3.2050000000000004E+001  3.9815547678898227E+001
 3.2100000000000001E+001  3.9937536483284532E+001
 3.2149999999999999E+001  3.9999833213286159E+001
 3.2200000000000003E+001  3.9993358975594759E+001
 3.2250000000000000E+001  3.9626026531410950E+001
 3.2300000000000004E+001  3.9655370377610566E+001
 3.2350000000000001E+001  3.9603035121267233E+001
 3.2399999999999999E+001  3.9778802644397970E+001
 3.2450000000000003E+001  3.9617195363047124E+001
 3.2500000000000000E+001  3.9911217180985908E+001
 3.2550000000000004E+001  3.9777078629598684E+001
 3.2600000000000001E+001  3.9538806682683258E+001
 3.2649999999999999E+001  3.9685828583397999E+001
 3.2700000000000003E+001  3.9958864857804194E+001
 3.2750000000000000E+001  3.9796650616866501E+001
 3.2800000000000004E+001  3.9455039608623728E+001
 3.2850000000000001E+001  3.9383735836996735E+001
 3.2899999999999999E+001  3.9434969817974405E+001
 3.2950000000000003E+001  3.9615116349367575E+001
 3.3000000000000000E+001  3.9408849423021955E+001
 3.3050000000000004E+001  3.9110302560999770E+001
 3.3100000000000001E+001  3.8918929873578421E+001
 3.3149999999999999E+001  3.8667172558715215E+001
 3.3200000000000003E+001  3.9032989776079368E+001
 3.3250000000000000E+001  3.9140019400203364E+001
 3.3300000000000004E+001  3.9226696621620398E+001
 3.3350000000000001E+001  3.9140225415925805E+001
 3.3399999999999999E+001  3.8808568072590262E+001
 3.3450000000000003E+001  3.8675793936259389E+001
 3.3500000000000000E+001  3.8830997809316493E+001
 3.3550000000000004E+001  3.8443251974360578E+001
 3.3600000000000001E+001  3.8488091596845194E+001
 3.3649999999999999E+001  3.8392617256413907E+001
 3.3700000000000003E+001  3.8677175164590871E+001
 3.3750000000000000E+001  3.8728922793753931E+001
 3.3800000000000004E+001  3.8534908435480311E+001
 3.3850000000000001E+001  3.8226748352272942E+001
 3.3899999999999999E+001  3.7998481822115849E+001
 3.3950000000000003E+001  3.8112544459053105E+001
 3.4000000000000000E+001  3.8265432475408424E+001
 3.4050000000000004E+001  3.8455584699873327E+001
 3.4100000000000001E+001  3.8170772930373687E+001
 3.4149999999999999E+001  3.7871562833843690E+001
 3.4200000000000003E+001  3.7639848940455181E+001
 3.4250000000000000E+001  3.7348544917924166E+001
 3.4300000000000004E+001  3.7412572121705821E+001
 3.4350000000000001E+001  3.7669599376600466E+001
 3.4399999999999999E+001  3.7728786176076881E+001
 3.4450000000000003E+001  3.7390205783283008E+001
 3.4500000000000000E+001  3.7470933429572419E+001
 3.4550000000000004E+001  3.7448848266732604E+001
 3.4600000000000001E+001  3.7377894876808213E+001
 3.4649999999999999E+001  3.8019917516798657E+001
 3.4700000000000003E+001  3.8248205908297464E+001
 3.4750000000000000E+001  3.8058124246825706E+001
 3.4800000000000004E+001  3.7225247249745074E+001
 3.4850000000000001E+001  3.7274735847163512E+001
 3.4899999999999999E+001  3.7136962007483071E+001
 3.4950000000000003E+001  3.6988374774429651E+001
 3.5000000000000000E+001  3.7077190743068890E+001
 3.5050000000000004E+001  3.7364919283317384E+001
 3.5100000000000001E+001  3.7184740708913523E+001
 3.5149999999999999E+001  3.6944080943474354E+001
 3.5200000000000003E+001  3.7349654818563032E+001
 3.5250000000000000E+001  3.6939184310290649E+001
 3.5300000000000004E+001  3.7030025202543072E+001
 3.5350000000000001E+001  3.7095751189005270E+001
 3.5399999999999999E+001  3.6411073230614086E+001
 3.5450000000000003E+001  3.6223000957439289E+001
 3.5500000000000000E+001  3.5868539549021662E+001
 3.5550000000000004E+001  3.6518308976245208E+001
 3.5600000000000001E+001  3.6852787656519254E+001
 3.5649999999999999E+001  3.6486287236219269E+001
 3.5700000000000003E+001  3.5709402663747397E+001
 3.5750000000000000E+001  3.5653219891395736E+001
 3.5800000000000004E+001  3.5626402241994342E+001
 3.5850000000000001E+001  3.5723274234778813E+001
 3.5899999999999999E+001  3.5660615888377997E+001
 3.5950000000000003E+001  3.6010324027339024E+001
 3.6000000000000000E+001  3.5916974592197846E+001
 3.6050000000000004E+001  3.5547108305239306E+001
 3.6100000000000001E+001  3.5433751236014615E+001
 3.6149999999999999E+001  3.5748123413336764E+001
 3.6200000000000003E+001  3.6323839002300247E+001
 3.6250000000000000E+001  3.6217644514567553E+001
 3.6300000000000004E+001  3.5749643337626594E+001
 3.6350000000000001E+001  3.5210907858206490E+001
 3.6399999999999999E+001  3.5284536582322147E+001
 3.6450000000000003E+001  3.5349125090021076E+001
 3.6500000000000000E+001  3.5789272924418206E+001
 3.6550000000000004E+001  3.5099144561124177E+001
 3.6600000000000001E+001  3.4630717751429522E+001
 3.6649999999999999E+001  3.4879921476107370E+001
 3.6700000000000003E+001  3.5418290310774914E+001
 3.6750000000000000E+001  3.5397889509912517E+001
 3.6800000000000004E+001  3.5202611305567004E+001
 3.6850000000000001E+001  3.4922137908647052E+001
 3.6899999999999999E+001  3.5041947945620940E+001
 3.6950000000000003E+001  3.5324192891601271E+001
 3.7000000000000000E+001  3.4546334154942699E+001
 3.7050000000000004E+001  3.4753810110713637E+001
 3.7100000000000001E+001  3.4709279545981559E+001
 3.7149999999999999E+001  3.4743273317445578E+001
 3.7200000000000003E+001  3.4607814323445886E+001
 3.7250000000000000E+001  3.4471707753867449E+001
 3.7300000000000004E+001  3.4138150148274072E+001
 3.7350000000000001E+001  3.4720812952324593E+001
 3.7399999999999999E+001  3.4094740045173069E+001
 3.7450000000000003E+001  3.4130073148709897E+001
 3.7500000000000000E+001  3.3770727317749454E+001
 3.7550000000000004E+001  3.3887041888033394E+001
 3.7600000000000001E+001  3.4064847655664408E+001
 3.7649999999999999E+001  3.4143119687156840E+001
 3.7700000000000003E+001  3.3745072163274664E+001
 3.7750000000000000E+001  3.4274827750627800E+001
 3.7800000000000004E+001  3.3605872988387993E+001
 3.7850000000000001E+001  3.2855024763533855E+001
 3.7899999999999999E+001  3.3429512878349392E+001
 3.7950000000000003E+001  3.4050494795511348E+001
 3.8000000000000000E+001  3.3420108738833434E+001
 3.8050000000000004E+001  3.2698008224491119E+001
 3.8100000000000001E+001  3.2801395222214019E+001
 3.8149999999999999E+001  3.3389338528285784E+001
 3.8200000000000003E+001  3.3422437662864276E+001
 3.8250000000000000E+001  3.3160562618052360E+001
 3.8300000000000004E+001  3.2827270352418942E+001
 3.8350000000000001E+001  3.3097629437499783E+001
 3.8400000000000006E+001  3.2822970396368078E+001
 3.8450000000000003E+001  3.2566171608712743E+001
 3.8500000000000000E+001  3.2417370140579379E+001
 3.8550000000000004E+001  3.2182138052011055E+001
 3.8600000000000001E+001  3.2298068341642761E+001
 3.8650000000000006E+001  3.2587711180925382E+001
 3.8700000000000003E+001  3.3174033248666937E+001
 3.8750000000000000E+001  3.3168022113997793E+001
 3.8800000000000004E+001  3.2541162718998848E+001
 3.8850000000000001E+001  3.1878958410907043E+001
 3.8900000000000006E+001  3.1838312458218759E+001
 3.8950000000000003E+001  3.2722605020511153E+001
 3.9000000000000000E+001  3.2754169809463633E+001
 3.9050000000000004E+001  3.2240133600156874E+001
 3.9100000000000001E+001  3.2769067401274135E+001
 3.9150000000000006E+001  3.3778122799458856E+001
 3.9200000000000003E+001  3.3476747333381041E+001
 3.9250000000000000E+001  3.3634587026791635E+001
 3.9300000000000004E+001  3.2154432736867477E+001
 3.9350000000000001E+001  3.1638321751508606E+001
 3.9400000000000006E+001  3.1976346201689541E+001
 3.9450000000000003E+001  3.2209066021429408E+001
 3.9500000000000000E+001  3.2370521287207779E+001
 3.9550000000000004E+001  3.2048262680032877E+001
 3.9600000000000001E+001  3.2014012920793533E+001
 3.9650000000000006E+001  3.1760493255058648E+001
 3.9700000000000003E+001  3.2051316463132736E+001
 3.9750000000000000E+001  3.2238435779150620E+001
 3.9800000000000004E+001  3.1662283141618360E+001
 3.9850000000000001E+001  3.1523475038468437E+001
 3.9900000000000006E+001  3.2277630812580931E+001
 3.9950000000000003E+001  3.2112491008974324E+001
 4.0000000000000000E+001  3.1171550774107722E+001
 4.0050000000000004E+001  3.1308485493635661E+001
 4.0100000000000001E+001  3.2052756836181807E+001
 4.0150000000000006E+001  3.1763115359872813E+001
 4.0200000000000003E+001  3.0583967312439963E+001
 4.0250000000000000E+001  3.1923939481289779E+001
 4.0300000000000004E+001  3.0986930147331115E+001
 4.0350000000000001E+001  3.1213398655011868E+001
 4.0400000000000006E+001  3.1721408604239354E+001
 4.0450000000000003E+001  3.0380971938514335E+001
 4.0500000000000000E+001  2.9935132673313635E+001
 4.0550000000000004E+001  2.9836678030073664E+001
 4.0600000000000001E+001  2.8549730122654122E+001
 4.0650000000000006E+001  3.0132021719589535E+001
 4.0700000000000003E+001  3.0764987277610487E+001
 4.0750000000000000E+001  3.1940460058157459E+001
 4.0800000000000004E+001  3.3257016345758430E+001
 4.0850000000000001E+001  3.3779130830869995E+001
 4.0900000000000006E+001  3.1751161887687552E+001
 4.0950000000000003E+001  3.0641224288982436E+001
 4.1000000000000000E+001  3.1898524585484239E+001
 4.1050000000000004E+001  3.1980349621536920E+001
 4.1100000000000001E+001  3.0576743882576338E+001
 4.1150000000000006E+001  2.9756345663314548E+001
 4.1200000000000003E+001  3.0847430975441068E+001
 4.1250000000000000E+001  2.7431937422115077E+001
