 2.4000000000000004E+000  1.3876690836865279E+001
 2.4500000000000002E+000  1.4080317762878312E+001
 2.5000000000000000E+000  1.4681021672956106E+001
 2.5500000000000003E+000  1.6621333766437573E+001
 2.6000000000000001E+000  1.9730406232258257E+001
 2.6500000000000004E+000  2.0361182924083714E+001
 2.7000000000000002E+000  2.1973226737134720E+001
 2.7500000000000000E+000  2.7042439333988415E+001
 2.8000000000000003E+000  4.3467973173845706E+001
 2.8500000000000001E+000  7.5138164254012011E+001
 2.9000000000000004E+000  1.1485325217338477E+002
 2.9500000000000002E+000  1.6900732960892225E+002
 3.0000000000000000E+000  2.4445907884044649E+002
 3.0500000000000003E+000  3.3195097763943943E+002
 3.1000000000000001E+000  4.4195181168506235E+002
 3.1500000000000004E+000  5.7555660207995220E+002
 3.2000000000000002E+000  6.8437090213400916E+002
 3.2500000000000000E+000  7.7993141501631681E+002
 3.3000000000000003E+000  8.6679539742706402E+002
 3.3500000000000001E+000  8.9644321545567277E+002
 3.4000000000000004E+000  8.7573202362425809E+002
 3.4500000000000002E+000  7.7615538088068888E+002
 3.5000000000000000E+000  6.3163754519700865E+002
 3.5500000000000003E+000  4.6741216097360302E+002
 3.6000000000000001E+000  3.3045180789577432E+002
 3.6500000000000004E+000  2.2828933701892501E+002
 3.7000000000000002E+000  1.6439936527789558E+002
 3.7500000000000000E+000  1.2614578019366185E+002
 3.8000000000000003E+000  1.0406089876625931E+002
 3.8500000000000001E+000  8.7653990093436789E+001
 3.9000000000000004E+000  7.5149116625998062E+001
 3.9500000000000002E+000  6.1817990872913825E+001
 4.0000000000000000E+000  5.0487594042709595E+001
 4.0499999999999998E+000  4.2683258421521927E+001
 4.1000000000000005E+000  3.8108602667614804E+001
 4.1500000000000004E+000  3.5737143465941251E+001
 4.2000000000000002E+000  3.5698569344138306E+001
 4.2500000000000000E+000  3.9464363634730645E+001
 4.2999999999999998E+000  4.5692960074772365E+001
 4.3500000000000005E+000  5.6606225016145544E+001
 4.4000000000000004E+000  6.8011761377667014E+001
 4.4500000000000002E+000  7.8714480682689867E+001
 4.5000000000000000E+000  8.4720773592238160E+001
 4.5499999999999998E+000  8.2472636913595835E+001
 4.6000000000000005E+000  7.2766870264436506E+001
 4.6500000000000004E+000  6.2841490090254844E+001
 4.7000000000000002E+000  5.3119214590161015E+001
 4.7500000000000000E+000  4.6275159537852566E+001
 4.8000000000000007E+000  4.2923002903884367E+001
 4.8500000000000005E+000  4.0137088643640908E+001
 4.9000000000000004E+000  3.7748199565764679E+001
 4.9500000000000002E+000  3.5391087743446647E+001
 5.0000000000000000E+000  3.4780078200991959E+001
 5.0500000000000007E+000  3.5936538275640068E+001
 5.1000000000000005E+000  3.8857242593262164E+001
 5.1500000000000004E+000  4.2879055327385409E+001
 5.2000000000000002E+000  4.7146585556639685E+001
 5.2500000000000000E+000  5.1363154147142865E+001
 5.3000000000000007E+000  5.6085673046700286E+001
 5.3500000000000005E+000  6.1632031861311084E+001
 5.4000000000000004E+000  6.5986633882638827E+001
 5.4500000000000002E+000  6.7963268289454646E+001
 5.5000000000000000E+000  6.8461301781140023E+001
 5.5500000000000007E+000  7.0691401440596110E+001
 5.6000000000000005E+000  7.8137737839077630E+001
 5.6500000000000004E+000  9.3377414305005232E+001
 5.7000000000000002E+000  1.1253657177773979E+002
 5.7500000000000000E+000  1.3076381252583457E+002
 5.8000000000000007E+000  1.4083275880716039E+002
 5.8500000000000005E+000  1.4221668348405240E+002
 5.9000000000000004E+000  1.3389309201805509E+002
 5.9500000000000002E+000  1.2247773885520378E+002
 6.0000000000000000E+000  1.0964827747895583E+002
 6.0500000000000007E+000  1.0141988316405828E+002
 6.1000000000000005E+000  9.7400044762715055E+001
 6.1500000000000004E+000  9.3842338988273966E+001
 6.2000000000000002E+000  9.3376348407600190E+001
 6.2500000000000000E+000  9.5621208173715701E+001
 6.3000000000000007E+000  9.9424921763414360E+001
 6.3500000000000005E+000  1.0346653485978031E+002
 6.4000000000000004E+000  1.0619418001020846E+002
 6.4500000000000002E+000  1.0608043632721287E+002
 6.5000000000000000E+000  1.0442913053044207E+002
 6.5500000000000007E+000  1.0361406146688604E+002
 6.6000000000000005E+000  1.0368509723005639E+002
 6.6500000000000004E+000  1.0223586009847028E+002
 6.7000000000000002E+000  1.0055609798669784E+002
 6.7500000000000000E+000  9.7559079599943374E+001
 6.8000000000000007E+000  9.5352563980957186E+001
 6.8500000000000005E+000  9.4730123457058596E+001
 6.9000000000000004E+000  9.2742191446472276E+001
 6.9500000000000002E+000  8.9117495410017938E+001
 7.0000000000000000E+000  8.4430084746190971E+001
 7.0500000000000007E+000  8.0490219624492937E+001
 7.1000000000000005E+000  7.8051517149426331E+001
 7.1500000000000004E+000  7.8514954644323495E+001
 7.2000000000000002E+000  8.0868334953557124E+001
 7.2500000000000000E+000  8.5341535100718019E+001
 7.3000000000000007E+000  8.8934718148486638E+001
 7.3500000000000005E+000  9.3660548561383720E+001
 7.4000000000000004E+000  9.8740980846073739E+001
 7.4500000000000002E+000  1.0411668979810626E+002
 7.5000000000000000E+000  1.0964858902950844E+002
 7.5500000000000007E+000  1.1326703037976137E+002
 7.6000000000000005E+000  1.1527505713956340E+002
 7.6500000000000004E+000  1.1958009529840507E+002
 7.7000000000000002E+000  1.2659203444259848E+002
 7.7500000000000000E+000  1.3512915172191282E+002
 7.8000000000000007E+000  1.4292270815275191E+002
 7.8500000000000005E+000  1.4702031353107296E+002
 7.9000000000000004E+000  1.4438602813693771E+002
 7.9500000000000002E+000  1.3738741635822558E+002
 8.0000000000000000E+000  1.2988055598731631E+002
 8.0500000000000007E+000  1.2295373422549292E+002
 8.0999999999999996E+000  1.1808257095784319E+002
 8.1500000000000004E+000  1.1393561521224409E+002
 8.2000000000000011E+000  1.1086498072702273E+002
 8.2500000000000000E+000  1.0736365623760264E+002
 8.3000000000000007E+000  1.0522324791013351E+002
 8.3499999999999996E+000  1.0443613389849577E+002
 8.4000000000000004E+000  1.0439860120547421E+002
 8.4500000000000011E+000  1.0689766828267128E+002
 8.5000000000000000E+000  1.1238126579257869E+002
 8.5500000000000007E+000  1.1883555732048684E+002
 8.5999999999999996E+000  1.2495088791452935E+002
 8.6500000000000004E+000  1.3000027228334810E+002
 8.7000000000000011E+000  1.3268331300251123E+002
 8.7500000000000000E+000  1.3411330242510601E+002
 8.8000000000000007E+000  1.3180192097934020E+002
 8.8499999999999996E+000  1.2710318960616091E+002
 8.9000000000000004E+000  1.2071154734464906E+002
 8.9500000000000011E+000  1.1247623679697710E+002
 9.0000000000000000E+000  1.0549877789586195E+002
 9.0500000000000007E+000  1.0013380471217245E+002
 9.0999999999999996E+000  9.5691778269998167E+001
 9.1500000000000004E+000  9.1206155667261399E+001
 9.2000000000000011E+000  8.7050515348235237E+001
 9.2500000000000000E+000  8.2585022784658094E+001
 9.3000000000000007E+000  7.8486250079968727E+001
 9.3499999999999996E+000  7.5348969099018703E+001
 9.4000000000000004E+000  7.1985902312311822E+001
 9.4500000000000011E+000  6.9148803016345667E+001
 9.5000000000000000E+000  6.6957389824777650E+001
 9.5500000000000007E+000  6.5076078924246929E+001
 9.6000000000000014E+000  6.4693272183924535E+001
 9.6500000000000004E+000  6.5428086996271702E+001
 9.7000000000000011E+000  6.6114591560795773E+001
 9.7500000000000000E+000  6.6700702543701979E+001
 9.8000000000000007E+000  6.7556094666760174E+001
 9.8500000000000014E+000  6.8139533397773292E+001
 9.9000000000000004E+000  6.8451378340685835E+001
 9.9500000000000011E+000  6.8166659351963489E+001
 1.0000000000000000E+001  6.8011277961508739E+001
 1.0050000000000001E+001  6.7007733686825247E+001
 1.0100000000000001E+001  6.5479157753678592E+001
 1.0150000000000000E+001  6.4217353361378997E+001
 1.0200000000000001E+001  6.3883190341249083E+001
 1.0250000000000000E+001  6.4446120834739588E+001
 1.0300000000000001E+001  6.5355649766005939E+001
 1.0350000000000001E+001  6.6205790744230271E+001
 1.0400000000000000E+001  6.7771883087396617E+001
 1.0450000000000001E+001  7.0705811978219657E+001
 1.0500000000000000E+001  7.4461321130064718E+001
 1.0550000000000001E+001  7.7415126406310719E+001
 1.0600000000000001E+001  7.9586053001525784E+001
 1.0650000000000000E+001  8.0413849990403904E+001
 1.0700000000000001E+001  8.1365019800546690E+001
 1.0750000000000000E+001  8.1039187743295557E+001
 1.0800000000000001E+001  8.0215469486355474E+001
 1.0850000000000001E+001  7.9914302330387613E+001
 1.0900000000000000E+001  8.0243900603550330E+001
 1.0950000000000001E+001  8.1891576366159711E+001
 1.1000000000000000E+001  8.3976939839940911E+001
 1.1050000000000001E+001  8.5752296333284619E+001
 1.1100000000000001E+001  8.8561534223152293E+001
 1.1150000000000000E+001  9.2296972588749853E+001
 1.1200000000000001E+001  9.3500095254022227E+001
 1.1250000000000000E+001  9.1449473793352894E+001
 1.1300000000000001E+001  8.8438917503755462E+001
 1.1350000000000001E+001  8.6860067891449646E+001
 1.1400000000000000E+001  8.7331091548079385E+001
 1.1450000000000001E+001  8.8765461309563932E+001
 1.1500000000000000E+001  8.9711142254309351E+001
 1.1550000000000001E+001  8.9101197017740859E+001
 1.1600000000000001E+001  8.6360876306852589E+001
 1.1650000000000000E+001  8.3402020232006521E+001
 1.1700000000000001E+001  8.1600664437524415E+001
 1.1750000000000000E+001  8.1953626180098169E+001
 1.1800000000000001E+001  8.3645020382011779E+001
 1.1850000000000001E+001  8.5899081858560862E+001
 1.1900000000000000E+001  8.7977573787605024E+001
 1.1950000000000001E+001  8.9516176491498456E+001
 1.2000000000000000E+001  8.8992069158536268E+001
 1.2050000000000001E+001  8.7657456617523366E+001
 1.2100000000000001E+001  8.5138373333316721E+001
 1.2150000000000000E+001  8.3234490618757135E+001
 1.2200000000000001E+001  8.0428021301572613E+001
 1.2250000000000000E+001  7.9583690009424743E+001
 1.2300000000000001E+001  7.8824077317262407E+001
 1.2350000000000001E+001  7.8531125560987903E+001
 1.2400000000000000E+001  7.8542000776022519E+001
 1.2450000000000001E+001  7.8974718360359844E+001
 1.2500000000000000E+001  7.8998934002531101E+001
 1.2550000000000001E+001  7.9231284417181627E+001
 1.2600000000000001E+001  8.0419073179589176E+001
 1.2650000000000000E+001  8.0804820619368797E+001
 1.2700000000000001E+001  8.1535675141661599E+001
 1.2750000000000000E+001  8.1887184455034046E+001
 1.2800000000000001E+001  8.1437978280211752E+001
 1.2850000000000001E+001  7.9734599870708465E+001
 1.2900000000000000E+001  7.6811948327734811E+001
 1.2950000000000001E+001  7.4205506336016839E+001
 1.3000000000000000E+001  7.1996814723618812E+001
 1.3050000000000001E+001  7.1202793385839612E+001
 1.3100000000000001E+001  7.0281199481125995E+001
 1.3150000000000000E+001  6.9698811327519394E+001
 1.3200000000000001E+001  7.0233383521865946E+001
 1.3250000000000000E+001  7.1250499654626253E+001
 1.3300000000000001E+001  7.2240590918431081E+001
 1.3350000000000001E+001  7.2795294396902818E+001
 1.3400000000000000E+001  7.3090454069279360E+001
 1.3450000000000001E+001  7.3586822386344934E+001
 1.3500000000000000E+001  7.4097341900037023E+001
 1.3550000000000001E+001  7.4098574884725352E+001
 1.3600000000000001E+001  7.3987432076557582E+001
 1.3650000000000000E+001  7.3262697217001801E+001
 1.3700000000000001E+001  7.2631958352237007E+001
 1.3750000000000000E+001  7.2609377687287378E+001
 1.3800000000000001E+001  7.2848484078349628E+001
 1.3850000000000001E+001  7.2725351775095945E+001
 1.3900000000000000E+001  7.2828412526077216E+001
 1.3950000000000001E+001  7.3351898201185463E+001
 1.4000000000000000E+001  7.3292032535013590E+001
 1.4050000000000001E+001  7.2581254753177873E+001
 1.4100000000000001E+001  7.1755685115509067E+001
 1.4150000000000000E+001  7.1555227653171741E+001
 1.4200000000000001E+001  7.1096792462154241E+001
 1.4250000000000000E+001  7.0161688843550692E+001
 1.4300000000000001E+001  6.9887766508910488E+001
 1.4350000000000001E+001  6.9480221797750033E+001
 1.4400000000000000E+001  6.9952040222202044E+001
 1.4450000000000001E+001  6.9767964406346138E+001
 1.4500000000000000E+001  6.9248892459623377E+001
 1.4550000000000001E+001  6.8359068440782480E+001
 1.4600000000000001E+001  6.6460480634520593E+001
 1.4650000000000000E+001  6.5673171123928071E+001
 1.4700000000000001E+001  6.4867149657142662E+001
 1.4750000000000000E+001  6.4197786511938133E+001
 1.4800000000000001E+001  6.4079815692989087E+001
 1.4850000000000001E+001  6.3743993707881053E+001
 1.4900000000000000E+001  6.3170103236381983E+001
 1.4950000000000001E+001  6.3406893382079815E+001
 1.5000000000000000E+001  6.3575713523921436E+001
 1.5050000000000001E+001  6.4148020002917278E+001
 1.5100000000000001E+001  6.4110577046683062E+001
 1.5150000000000000E+001  6.4003683610234262E+001
 1.5200000000000001E+001  6.3475553438836478E+001
 1.5250000000000000E+001  6.2445699891461970E+001
 1.5300000000000001E+001  6.1845062217091552E+001
 1.5350000000000001E+001  6.1505587533597598E+001
 1.5400000000000000E+001  6.1351202828984469E+001
 1.5450000000000001E+001  6.1398173406193465E+001
 1.5500000000000000E+001  6.1489161106914814E+001
 1.5550000000000001E+001  6.2321868793743732E+001
 1.5600000000000001E+001  6.2383651851617287E+001
 1.5650000000000000E+001  6.1936915008983888E+001
 1.5700000000000001E+001  6.2242603023024969E+001
 1.5750000000000000E+001  6.2323760328292508E+001
 1.5800000000000001E+001  6.2694007210295297E+001
 1.5850000000000001E+001  6.2736335605779018E+001
 1.5900000000000000E+001  6.2448810757487990E+001
 1.5950000000000001E+001  6.1755582879922528E+001
 1.6000000000000000E+001  6.1604065103690807E+001
 1.6050000000000001E+001  6.1523494531504745E+001
 1.6100000000000001E+001  6.1828376983145461E+001
 1.6150000000000002E+001  6.2081093879553102E+001
 1.6199999999999999E+001  6.2185767210689640E+001
 1.6250000000000000E+001  6.2023988644156596E+001
 1.6300000000000001E+001  6.2147297860844851E+001
 1.6350000000000001E+001  6.2340227988152058E+001
 1.6400000000000002E+001  6.2728000262655549E+001
 1.6449999999999999E+001  6.3646566914175175E+001
 1.6500000000000000E+001  6.4362563753708571E+001
 1.6550000000000001E+001  6.4535238344346169E+001
 1.6600000000000001E+001  6.4481032537973007E+001
 1.6650000000000002E+001  6.4017916526200310E+001
 1.6699999999999999E+001  6.4220188663785081E+001
 1.6750000000000000E+001  6.4587446777970229E+001
 1.6800000000000001E+001  6.5534968762588264E+001
 1.6850000000000001E+001  6.5829410101832082E+001
 1.6900000000000002E+001  6.6197355843174464E+001
 1.6949999999999999E+001  6.6591111688478691E+001
 1.7000000000000000E+001  6.6658819994430047E+001
 1.7050000000000001E+001  6.6058126792266975E+001
 1.7100000000000001E+001  6.6208140381392937E+001
 1.7150000000000002E+001  6.6614464739035327E+001
 1.7199999999999999E+001  6.6492570376240337E+001
 1.7250000000000000E+001  6.6121847815077956E+001
 1.7300000000000001E+001  6.6348902730512322E+001
 1.7350000000000001E+001  6.6644026619732671E+001
 1.7400000000000002E+001  6.6559028450702144E+001
 1.7449999999999999E+001  6.6535522942214058E+001
 1.7500000000000000E+001  6.6356356043352648E+001
 1.7550000000000001E+001  6.6010652259293167E+001
 1.7600000000000001E+001  6.7006603787305906E+001
 1.7650000000000002E+001  6.7043936849846531E+001
 1.7699999999999999E+001  6.6897468228917106E+001
 1.7750000000000000E+001  6.7094082109230953E+001
 1.7800000000000001E+001  6.6931482791710337E+001
 1.7850000000000001E+001  6.6959453673246131E+001
 1.7900000000000002E+001  6.6657801314367887E+001
 1.7949999999999999E+001  6.6480574972588826E+001
 1.8000000000000000E+001  6.7133432566353790E+001
 1.8050000000000001E+001  6.7455230559738823E+001
 1.8100000000000001E+001  6.7202213628357256E+001
 1.8150000000000002E+001  6.7085803409736783E+001
 1.8199999999999999E+001  6.7714655715239857E+001
 1.8250000000000000E+001  6.7643992757845865E+001
 1.8300000000000001E+001  6.7291037251918198E+001
 1.8350000000000001E+001  6.7008374744035436E+001
 1.8400000000000002E+001  6.7150925395536547E+001
 1.8449999999999999E+001  6.7505729237049195E+001
 1.8500000000000000E+001  6.7812393692011696E+001
 1.8550000000000001E+001  6.7537722048970736E+001
 1.8600000000000001E+001  6.7343932830836948E+001
 1.8650000000000002E+001  6.7464632890864380E+001
 1.8699999999999999E+001  6.7441254605737484E+001
 1.8750000000000000E+001  6.7779188526890394E+001
 1.8800000000000001E+001  6.8001617107425645E+001
 1.8850000000000001E+001  6.8024286530245519E+001
 1.8900000000000002E+001  6.8198467231016181E+001
 1.8949999999999999E+001  6.7858224356267087E+001
 1.9000000000000000E+001  6.7645541536148130E+001
 1.9050000000000001E+001  6.7543457144694315E+001
 1.9100000000000001E+001  6.8269414347336465E+001
 1.9150000000000002E+001  6.8581261470040644E+001
 1.9200000000000003E+001  6.8389747448400811E+001
 1.9250000000000000E+001  6.8654208689115080E+001
 1.9300000000000001E+001  6.9387728655246235E+001
 1.9350000000000001E+001  6.9670401298284332E+001
 1.9400000000000002E+001  6.9518141910488268E+001
 1.9450000000000003E+001  6.9242179564575309E+001
 1.9500000000000000E+001  6.8488686418060553E+001
 1.9550000000000001E+001  6.7947168792929489E+001
 1.9600000000000001E+001  6.8401151774566074E+001
 1.9650000000000002E+001  6.8854310361761208E+001
 1.9700000000000003E+001  6.9192194107292124E+001
 1.9750000000000000E+001  6.9531033187871756E+001
 1.9800000000000001E+001  6.8989945865856328E+001
 1.9850000000000001E+001  6.8574154785443980E+001
 1.9900000000000002E+001  6.8531699014663246E+001
 1.9950000000000003E+001  6.8402228715874841E+001
 2.0000000000000000E+001  6.8214095737192579E+001
 2.0050000000000001E+001  6.8349175829317005E+001
 2.0100000000000001E+001  6.7962811158981708E+001
 2.0150000000000002E+001  6.7909316770679240E+001
 2.0200000000000003E+001  6.7474481658106413E+001
 2.0250000000000000E+001  6.7268266358330735E+001
 2.0300000000000001E+001  6.7337049276162176E+001
 2.0350000000000001E+001  6.7141739227254845E+001
 2.0400000000000002E+001  6.6925256397337520E+001
 2.0450000000000003E+001  6.6926290635287273E+001
 2.0500000000000000E+001  6.6635545365213162E+001
 2.0550000000000001E+001  6.6795691067990361E+001
 2.0600000000000001E+001  6.6850994781276057E+001
 2.0650000000000002E+001  6.7100963788946018E+001
 2.0700000000000003E+001  6.6590640807634017E+001
 2.0750000000000000E+001  6.6637308070296072E+001
 2.0800000000000001E+001  6.6915863862422171E+001
 2.0850000000000001E+001  6.7341640214790147E+001
 2.0900000000000002E+001  6.8508032997052325E+001
 2.0950000000000003E+001  6.9415029771335739E+001
 2.1000000000000000E+001  7.0131191734963465E+001
 2.1050000000000001E+001  7.1029066994037095E+001
 2.1100000000000001E+001  7.0892743607832514E+001
 2.1150000000000002E+001  7.0604349093399463E+001
 2.1200000000000003E+001  6.9827338390584373E+001
 2.1250000000000000E+001  6.8839058310246571E+001
 2.1300000000000001E+001  6.9093949818272790E+001
 2.1350000000000001E+001  6.9181039495672664E+001
 2.1400000000000002E+001  6.9292863089160107E+001
 2.1450000000000003E+001  6.8821704681467779E+001
 2.1500000000000000E+001  6.8814969550210037E+001
 2.1550000000000001E+001  6.9199254153875714E+001
 2.1600000000000001E+001  6.9606412050871100E+001
 2.1650000000000002E+001  6.9822860598202354E+001
 2.1700000000000003E+001  6.9280821711652280E+001
 2.1750000000000000E+001  6.8667363864199174E+001
 2.1800000000000001E+001  6.8444585900194411E+001
 2.1850000000000001E+001  6.7789748012767561E+001
 2.1900000000000002E+001  6.7880793885810789E+001
 2.1950000000000003E+001  6.7742250198227566E+001
 2.2000000000000000E+001  6.7744084712195516E+001
 2.2050000000000001E+001  6.7010654002880912E+001
 2.2100000000000001E+001  6.6543086048876987E+001
 2.2150000000000002E+001  6.6736006701993688E+001
 2.2200000000000003E+001  6.7050171872508102E+001
 2.2250000000000000E+001  6.6866652762451210E+001
 2.2300000000000001E+001  6.6098458670284160E+001
 2.2350000000000001E+001  6.5758588395568054E+001
 2.2400000000000002E+001  6.5856012529497747E+001
 2.2450000000000003E+001  6.5912398581048620E+001
 2.2500000000000000E+001  6.5485466988749636E+001
 2.2550000000000001E+001  6.4883218558782630E+001
 2.2600000000000001E+001  6.4758513158241897E+001
 2.2650000000000002E+001  6.4532924106931645E+001
 2.2700000000000003E+001  6.4295112522330811E+001
 2.2750000000000000E+001  6.3599700403009905E+001
 2.2800000000000001E+001  6.2617238908899857E+001
 2.2850000000000001E+001  6.2345362354470936E+001
 2.2900000000000002E+001  6.1398974414525163E+001
 2.2950000000000003E+001  6.1053207104083604E+001
 2.3000000000000000E+001  6.0610670079677043E+001
 2.3050000000000001E+001  6.0620235409363879E+001
 2.3100000000000001E+001  6.0481695567827664E+001
 2.3150000000000002E+001  6.0644146566655110E+001
 2.3200000000000003E+001  6.0230584899286328E+001
 2.3250000000000000E+001  5.9723640642747398E+001
 2.3300000000000001E+001  5.9397774681801700E+001
 2.3350000000000001E+001  5.9644080805258916E+001
 2.3400000000000002E+001  5.9490847252195039E+001
 2.3450000000000003E+001  5.9361485713701484E+001
 2.3500000000000000E+001  5.8817409779864285E+001
 2.3550000000000001E+001  5.8895407169821922E+001
 2.3600000000000001E+001  5.8449220701959121E+001
 2.3650000000000002E+001  5.8241025076139962E+001
 2.3700000000000003E+001  5.8431591686961518E+001
 2.3750000000000000E+001  5.8102922627302377E+001
 2.3800000000000001E+001  5.7186072365690741E+001
 2.3850000000000001E+001  5.7097433636955742E+001
 2.3900000000000002E+001  5.7043624523644652E+001
 2.3950000000000003E+001  5.7090913818051824E+001
 2.4000000000000000E+001  5.7241057339217534E+001
 2.4050000000000001E+001  5.7163382136897297E+001
 2.4100000000000001E+001  5.6369322129744113E+001
 2.4150000000000002E+001  5.6052404730353963E+001
 2.4200000000000003E+001  5.5408432214720790E+001
 2.4250000000000000E+001  5.5375845989184256E+001
 2.4300000000000001E+001  5.4435305343022463E+001
 2.4350000000000001E+001  5.4563843995558770E+001
 2.4400000000000002E+001  5.4705198491437727E+001
 2.4450000000000003E+001  5.4712807447459525E+001
 2.4500000000000000E+001  5.4550637055187956E+001
 2.4550000000000001E+001  5.4327667794714664E+001
 2.4600000000000001E+001  5.4201154862530167E+001
 2.4650000000000002E+001  5.4073798635638418E+001
 2.4700000000000003E+001  5.3691542922526651E+001
 2.4750000000000000E+001  5.3431635840803700E+001
 2.4800000000000001E+001  5.2868508353620200E+001
 2.4850000000000001E+001  5.2758274762348236E+001
 2.4900000000000002E+001  5.2817216242599891E+001
 2.4950000000000003E+001  5.2723598224570971E+001
 2.5000000000000000E+001  5.2348432312983796E+001
 2.5050000000000001E+001  5.1673787347149940E+001
 2.5100000000000001E+001  5.1560394513058121E+001
 2.5150000000000002E+001  5.1868857694974665E+001
 2.5200000000000003E+001  5.2038206465552257E+001
 2.5250000000000000E+001  5.1632069058373538E+001
 2.5300000000000001E+001  5.1673658505210213E+001
 2.5350000000000001E+001  5.1397448060214920E+001
 2.5400000000000002E+001  5.1383703986606967E+001
 2.5450000000000003E+001  5.1322476032450346E+001
 2.5500000000000000E+001  5.1387389037210724E+001
 2.5550000000000001E+001  5.0884692637339334E+001
 2.5600000000000001E+001  5.0562644466869664E+001
 2.5650000000000002E+001  5.0388072281615059E+001
 2.5700000000000003E+001  5.0324551757121732E+001
 2.5750000000000000E+001  5.0037039188277639E+001
 2.5800000000000001E+001  4.9209799814530136E+001
 2.5850000000000001E+001  4.9004911369392381E+001
 2.5900000000000002E+001  4.8813079490403084E+001
 2.5950000000000003E+001  4.8568630693410810E+001
 2.6000000000000000E+001  4.8649020437824674E+001
 2.6050000000000001E+001  4.8728643210418753E+001
 2.6100000000000001E+001  4.8607857827474668E+001
 2.6150000000000002E+001  4.8140847521030977E+001
 2.6200000000000003E+001  4.7594271494257036E+001
 2.6250000000000000E+001  4.7900569270027589E+001
 2.6300000000000001E+001  4.7880647724501145E+001
 2.6350000000000001E+001  4.7590870619674156E+001
 2.6400000000000002E+001  4.7307093964135184E+001
 2.6450000000000003E+001  4.7282945750446672E+001
 2.6500000000000000E+001  4.6994486208304821E+001
 2.6550000000000001E+001  4.7180299277967762E+001
 2.6600000000000001E+001  4.6763290220906697E+001
 2.6650000000000002E+001  4.6633681683651403E+001
 2.6700000000000003E+001  4.6627119689097995E+001
 2.6750000000000000E+001  4.6547109963423075E+001
 2.6800000000000001E+001  4.6230700904847829E+001
 2.6850000000000001E+001  4.6041294723548866E+001
 2.6900000000000002E+001  4.5670986542722297E+001
 2.6950000000000003E+001  4.5408534605905814E+001
 2.7000000000000000E+001  4.5421871186264518E+001
 2.7050000000000001E+001  4.5768902171006793E+001
 2.7100000000000001E+001  4.5593628449746966E+001
 2.7150000000000002E+001  4.5117622944109868E+001
 2.7200000000000003E+001  4.5104019880089318E+001
 2.7250000000000000E+001  4.4910211108832115E+001
 2.7300000000000001E+001  4.4964188512591001E+001
 2.7350000000000001E+001  4.4910116211172586E+001
 2.7400000000000002E+001  4.4797483063333353E+001
 2.7450000000000003E+001  4.4615174771359413E+001
 2.7500000000000000E+001  4.4303860270361064E+001
 2.7550000000000001E+001  4.3957710321662034E+001
 2.7600000000000001E+001  4.4166826957726677E+001
 2.7650000000000002E+001  4.3918248832611170E+001
 2.7700000000000003E+001  4.3695328566843926E+001
 2.7750000000000000E+001  4.3451493733454782E+001
 2.7800000000000001E+001  4.3149544706075673E+001
 2.7850000000000001E+001  4.3036991549554863E+001
 2.7900000000000002E+001  4.3110283945587327E+001
 2.7950000000000003E+001  4.2907137643465376E+001
 2.8000000000000000E+001  4.2842902974637262E+001
 2.8050000000000001E+001  4.2815800354938546E+001
 2.8100000000000001E+001  4.2395404170192471E+001
 2.8150000000000002E+001  4.2136313867823326E+001
 2.8200000000000003E+001  4.1643284396242358E+001
 2.8250000000000000E+001  4.1668299991392033E+001
 2.8300000000000001E+001  4.1489811064085636E+001
 2.8350000000000001E+001  4.1365932858273133E+001
 2.8400000000000002E+001  4.1484964028788617E+001
 2.8450000000000003E+001  4.1375290129938101E+001
 2.8500000000000000E+001  4.1437165596525574E+001
 2.8550000000000001E+001  4.1454823037382027E+001
 2.8600000000000001E+001  4.1040458796595104E+001
 2.8650000000000002E+001  4.0733963325255729E+001
 2.8700000000000003E+001  4.1037165493480387E+001
 2.8750000000000000E+001  4.1270063210757790E+001
 2.8800000000000001E+001  4.1188426079716209E+001
 2.8850000000000001E+001  4.0868365003809039E+001
 2.8900000000000002E+001  4.0259222814687334E+001
 2.8950000000000003E+001  4.0377233034428308E+001
 2.9000000000000000E+001  4.0256597765012621E+001
 2.9050000000000001E+001  4.0422850351313699E+001
 2.9100000000000001E+001  4.0062131966958766E+001
 2.9150000000000002E+001  4.0250585466360015E+001
 2.9200000000000003E+001  4.0068493170719456E+001
 2.9250000000000000E+001  3.9657453953845952E+001
 2.9300000000000001E+001  3.9338839035632148E+001
 2.9350000000000001E+001  3.9767603701269117E+001
 2.9400000000000002E+001  3.9836683039916224E+001
 2.9450000000000003E+001  3.9762644127961671E+001
 2.9500000000000000E+001  3.9868039038761957E+001
 2.9550000000000001E+001  3.9547974384874010E+001
 2.9600000000000001E+001  3.9267661190946541E+001
 2.9650000000000002E+001  3.9222307885523051E+001
 2.9700000000000003E+001  3.9732083317062752E+001
 2.9750000000000000E+001  3.9764852554223957E+001
 2.9800000000000001E+001  3.9433033104602274E+001
 2.9850000000000001E+001  3.9287790615215222E+001
 2.9900000000000002E+001  3.9338758510192712E+001
 2.9950000000000003E+001  3.9250979826450937E+001
 3.0000000000000000E+001  3.9300907683019759E+001
 3.0050000000000001E+001  3.9427972572140582E+001
 3.0100000000000001E+001  3.9267322841090660E+001
 3.0150000000000002E+001  3.9113913794783244E+001
 3.0200000000000003E+001  3.9301237781828398E+001
 3.0250000000000000E+001  3.9195780131554486E+001
 3.0300000000000001E+001  3.9116556300236738E+001
 3.0350000000000001E+001  3.8818435926965385E+001
 3.0400000000000002E+001  3.8720625267867746E+001
 3.0450000000000003E+001  3.9356850807612986E+001
 3.0500000000000000E+001  3.9518750508602295E+001
 3.0550000000000001E+001  3.9196375307513605E+001
 3.0600000000000001E+001  3.9275187914797556E+001
 3.0650000000000002E+001  3.9101481306800238E+001
 3.0700000000000003E+001  3.8842692944828471E+001
 3.0750000000000000E+001  3.9024558724444169E+001
 3.0800000000000001E+001  3.9296215446094848E+001
 3.0850000000000001E+001  3.9372018897613913E+001
 3.0900000000000002E+001  3.9153244711772501E+001
 3.0950000000000003E+001  3.8823221338080842E+001
 3.1000000000000000E+001  3.9090336616601469E+001
 3.1050000000000001E+001  3.9123011142464762E+001
 3.1100000000000001E+001  3.9364747403592730E+001
 3.1150000000000002E+001  3.9469048210233510E+001
 3.1200000000000003E+001  3.9491537226657925E+001
 3.1250000000000000E+001  3.9510619721236026E+001
 3.1300000000000001E+001  3.9370631767476326E+001
 3.1350000000000001E+001  3.9214712066555947E+001
 3.1400000000000002E+001  3.9751594076933088E+001
 3.1450000000000003E+001  3.9862059409219647E+001
 3.1500000000000000E+001  4.0024282948085897E+001
 3.1550000000000001E+001  3.9958234237671405E+001
 3.1600000000000001E+001  3.9620053090463408E+001
 3.1650000000000002E+001  3.9255251858186298E+001
 3.1700000000000003E+001  3.9736045958995774E+001
 3.1750000000000000E+001  3.9991917795541603E+001
 3.1800000000000001E+001  3.9869729451324716E+001
 3.1850000000000001E+001  4.0118560270699874E+001
 3.1900000000000002E+001  4.0363618184578534E+001
 3.1950000000000003E+001  4.0061083405229169E+001
 3.2000000000000000E+001  4.0261814995664260E+001
 3.2050000000000004E+001  4.0438581663667975E+001
 3.2100000000000001E+001  4.0296078526003427E+001
 3.2149999999999999E+001  4.0489209007108727E+001
 3.2200000000000003E+001  4.0684472495056632E+001
 3.2250000000000000E+001  4.0791704833775384E+001
 3.2300000000000004E+001  4.0597959922120822E+001
 3.2350000000000001E+001  4.0474830070914244E+001
 3.2399999999999999E+001  4.0653854886335189E+001
 3.2450000000000003E+001  4.0317144041974615E+001
 3.2500000000000000E+001  4.0067827488788616E+001
 3.2550000000000004E+001  4.0495611682828532E+001
 3.2600000000000001E+001  3.9998186661434325E+001
 3.2649999999999999E+001  3.9954764151903781E+001
 3.2700000000000003E+001  4.0136594279917688E+001
 3.2750000000000000E+001  3.9724958011447590E+001
 3.2800000000000004E+001  3.9550994694557900E+001
 3.2850000000000001E+001  3.9689383403457633E+001
 3.2899999999999999E+001  3.9249079132630079E+001
 3.2950000000000003E+001  3.9195859281134375E+001
 3.3000000000000000E+001  3.9135115047436045E+001
 3.3050000000000004E+001  3.8802200720062537E+001
 3.3100000000000001E+001  3.8975582882180156E+001
 3.3149999999999999E+001  3.8992236436386719E+001
 3.3200000000000003E+001  3.9251626572579347E+001
 3.3250000000000000E+001  3.9141677057811727E+001
 3.3300000000000004E+001  3.8704618678746371E+001
 3.3350000000000001E+001  3.9142196072019551E+001
 3.3399999999999999E+001  3.9448972311920407E+001
 3.3450000000000003E+001  3.9416987025384955E+001
 3.3500000000000000E+001  3.9306279268068408E+001
 3.3550000000000004E+001  3.9158278029548896E+001
 3.3600000000000001E+001  3.8833575322790637E+001
 3.3649999999999999E+001  3.9116166873929735E+001
 3.3700000000000003E+001  3.8945516902054401E+001
 3.3750000000000000E+001  3.8852494410777062E+001
 3.3800000000000004E+001  3.8437818588060779E+001
 3.3850000000000001E+001  3.8308373954909570E+001
 3.3899999999999999E+001  3.8066746487291908E+001
 3.3950000000000003E+001  3.8094668726645104E+001
 3.4000000000000000E+001  3.8312887675665735E+001
 3.4050000000000004E+001  3.8589149450030810E+001
 3.4100000000000001E+001  3.8318539555465819E+001
 3.4149999999999999E+001  3.8391563442085122E+001
 3.4200000000000003E+001  3.7772122951750234E+001
 3.4250000000000000E+001  3.7898198911128347E+001
 3.4300000000000004E+001  3.7938278554569784E+001
 3.4350000000000001E+001  3.7614279365578270E+001
 3.4399999999999999E+001  3.7721831950927516E+001
 3.4450000000000003E+001  3.7700407621526402E+001
 3.4500000000000000E+001  3.7718955114456108E+001
 3.4550000000000004E+001  3.7754547340871163E+001
 3.4600000000000001E+001  3.8103822963808859E+001
 3.4649999999999999E+001  3.8325047510588170E+001
 3.4700000000000003E+001  3.7651172641918173E+001
 3.4750000000000000E+001  3.7535386288010429E+001
 3.4800000000000004E+001  3.7376839048040722E+001
 3.4850000000000001E+001  3.7529907697757388E+001
 3.4899999999999999E+001  3.7816354898346098E+001
 3.4950000000000003E+001  3.7345537077496267E+001
 3.5000000000000000E+001  3.7100029469460765E+001
 3.5050000000000004E+001  3.7214150855029068E+001
 3.5100000000000001E+001  3.7266719709457391E+001
 3.5149999999999999E+001  3.6861848006291119E+001
 3.5200000000000003E+001  3.6989388731837742E+001
 3.5250000000000000E+001  3.7030636244771898E+001
 3.5300000000000004E+001  3.7203258968782414E+001
 3.5350000000000001E+001  3.7305376097633228E+001
 3.5399999999999999E+001  3.6696249663943426E+001
 3.5450000000000003E+001  3.6657622641218161E+001
 3.5500000000000000E+001  3.6832623550224675E+001
 3.5550000000000004E+001  3.7137844710769919E+001
 3.5600000000000001E+001  3.6788466148235159E+001
 3.5649999999999999E+001  3.6624171749971374E+001
 3.5700000000000003E+001  3.6358003405878328E+001
 3.5750000000000000E+001  3.6261298616905464E+001
 3.5800000000000004E+001  3.6293448321418424E+001
 3.5850000000000001E+001  3.6189569325040992E+001
 3.5899999999999999E+001  3.6037154950081522E+001
 3.5950000000000003E+001  3.5970417784779642E+001
 3.6000000000000000E+001  3.5946418342178859E+001
 3.6050000000000004E+001  3.6388564545030057E+001
 3.6100000000000001E+001  3.6256666770747898E+001
 3.6149999999999999E+001  3.6141364687285780E+001
 3.6200000000000003E+001  3.5904753237796122E+001
 3.6250000000000000E+001  3.5981985386363263E+001
 3.6300000000000004E+001  3.6591172742653065E+001
 3.6350000000000001E+001  3.6347607289270613E+001
 3.6399999999999999E+001  3.5575735393096174E+001
 3.6450000000000003E+001  3.5412825063110660E+001
 3.6500000000000000E+001  3.5711024301191216E+001
 3.6550000000000004E+001  3.5955840671870817E+001
 3.6600000000000001E+001  3.4881376331950200E+001
 3.6649999999999999E+001  3.4893130902951910E+001
 3.6700000000000003E+001  3.4894838328434012E+001
 3.6750000000000000E+001  3.5532306366754803E+001
 3.6800000000000004E+001  3.5238453332063727E+001
 3.6850000000000001E+001  3.5280378000740136E+001
 3.6899999999999999E+001  3.4832218008639295E+001
 3.6950000000000003E+001  3.4518637516214390E+001
 3.7000000000000000E+001  3.5292723537875837E+001
 3.7050000000000004E+001  3.5245656335203513E+001
 3.7100000000000001E+001  3.5266438358484159E+001
 3.7149999999999999E+001  3.5194747088999947E+001
 3.7200000000000003E+001  3.5493369587164139E+001
 3.7250000000000000E+001  3.5502005459085602E+001
 3.7300000000000004E+001  3.4928930740513586E+001
 3.7350000000000001E+001  3.4078627636232440E+001
 3.7399999999999999E+001  3.4184398626470298E+001
 3.7450000000000003E+001  3.4477591842603829E+001
 3.7500000000000000E+001  3.4542539554276267E+001
 3.7550000000000004E+001  3.4657481620779137E+001
 3.7600000000000001E+001  3.4268102692467743E+001
 3.7649999999999999E+001  3.3622374745011925E+001
 3.7700000000000003E+001  3.4106273241704400E+001
 3.7750000000000000E+001  3.4315708482513145E+001
 3.7800000000000004E+001  3.4478368230045284E+001
 3.7850000000000001E+001  3.4580906831525255E+001
 3.7899999999999999E+001  3.4110639422718556E+001
 3.7950000000000003E+001  3.3776400809094120E+001
 3.8000000000000000E+001  3.4347235263884045E+001
 3.8050000000000004E+001  3.4284997656897097E+001
 3.8100000000000001E+001  3.4131433870314225E+001
 3.8149999999999999E+001  3.4271980893355035E+001
 3.8200000000000003E+001  3.4101938939289525E+001
 3.8250000000000000E+001  3.4312037694008261E+001
 3.8300000000000004E+001  3.4168575052139644E+001
 3.8350000000000001E+001  3.3833191167500303E+001
 3.8400000000000006E+001  3.2868486760550084E+001
 3.8450000000000003E+001  3.3372092402664130E+001
 3.8500000000000000E+001  3.3638656914561267E+001
 3.8550000000000004E+001  3.2570544729855875E+001
 3.8600000000000001E+001  3.2322914790279654E+001
 3.8650000000000006E+001  3.2998838116544512E+001
 3.8700000000000003E+001  3.3795662001267743E+001
 3.8750000000000000E+001  3.3418603899764165E+001
 3.8800000000000004E+001  3.2483199376690330E+001
 3.8850000000000001E+001  3.2362667168032033E+001
 3.8900000000000006E+001  3.2743739327766718E+001
 3.8950000000000003E+001  3.2210539199689464E+001
 3.9000000000000000E+001  3.2427462737031867E+001
 3.9050000000000004E+001  3.2297438111798748E+001
 3.9100000000000001E+001  3.2223594479938498E+001
 3.9150000000000006E+001  3.2458818313060640E+001
 3.9200000000000003E+001  3.3994972319174572E+001
 3.9250000000000000E+001  3.3617599318610878E+001
 3.9300000000000004E+001  3.2429442564822494E+001
 3.9350000000000001E+001  3.2355977084639015E+001
 3.9400000000000006E+001  3.2043306446496786E+001
 3.9450000000000003E+001  3.2309665176926913E+001
 3.9500000000000000E+001  3.2365468840425883E+001
 3.9550000000000004E+001  3.1461395961808925E+001
 3.9600000000000001E+001  3.2036225498401954E+001
 3.9650000000000006E+001  3.2821487960033281E+001
 3.9700000000000003E+001  3.3363932922346308E+001
 3.9750000000000000E+001  3.2797522292057288E+001
 3.9800000000000004E+001  3.2997975575526318E+001
 3.9850000000000001E+001  3.2065678545924449E+001
 3.9900000000000006E+001  3.1312608966269234E+001
 3.9950000000000003E+001  3.1016704208701469E+001
 4.0000000000000000E+001  3.1443776470567400E+001
 4.0050000000000004E+001  3.2569471675772888E+001
 4.0100000000000001E+001  3.1776605888320240E+001
 4.0150000000000006E+001  3.1046344728118875E+001
 4.0200000000000003E+001  3.0392047033867094E+001
 4.0250000000000000E+001  3.0210060123187610E+001
 4.0300000000000004E+001  3.0598151622113019E+001
 4.0350000000000001E+001  3.1407351950346403E+001
 4.0400000000000006E+001  3.1164307541914255E+001
 4.0450000000000003E+001  3.0797806384521351E+001
 4.0500000000000000E+001  3.1879143687187003E+001
 4.0550000000000004E+001  3.1664917762762791E+001
 4.0600000000000001E+001  3.0937876706017416E+001
 4.0650000000000006E+001  3.0469663724968857E+001
 4.0700000000000003E+001  3.0959128483602072E+001
 4.0750000000000000E+001  3.0467565666472293E+001
 4.0800000000000004E+001  3.1828394878619481E+001
 4.0850000000000001E+001  3.1601364806139131E+001
 4.0900000000000006E+001  2.9890722917799632E+001
 4.0950000000000003E+001  3.1341321119372310E+001
 4.1000000000000000E+001  3.2396096787519618E+001
 4.1050000000000004E+001  3.0994866053343721E+001
 4.1100000000000001E+001  3.3198086209403669E+001
 4.1150000000000006E+001  3.3215673914296609E+001
 4.1200000000000003E+001  3.0595957353358660E+001
 4.1250000000000000E+001  4.2323560594120408E+001
