 2.4000000000000004E+000  1.3662791941499343E+001
 2.4500000000000002E+000  1.4029251658232189E+001
 2.5000000000000000E+000  1.4321599296782061E+001
 2.5500000000000003E+000  1.5631142196707010E+001
 2.6000000000000001E+000  1.7126624346844501E+001
 2.6500000000000004E+000  1.9508206263652006E+001
 2.7000000000000002E+000  2.3022987173272931E+001
 2.7500000000000000E+000  3.5157631940568280E+001
 2.8000000000000003E+000  7.8861272968817175E+001
 2.8500000000000001E+000  1.6941861473494140E+002
 2.9000000000000004E+000  2.7548049659803200E+002
 2.9500000000000002E+000  3.9902585919587568E+002
 3.0000000000000000E+000  5.3011721651380253E+002
 3.0500000000000003E+000  6.2143933457660398E+002
 3.1000000000000001E+000  6.4830664527605791E+002
 3.1500000000000004E+000  5.8414919730225040E+002
 3.2000000000000002E+000  4.6716136655659159E+002
 3.2500000000000000E+000  3.6437976859847538E+002
 3.3000000000000003E+000  3.0032445510361174E+002
 3.3500000000000001E+000  2.6413404608514043E+002
 3.4000000000000004E+000  2.4812707019270431E+002
 3.4500000000000002E+000  2.4911209879554357E+002
 3.5000000000000000E+000  2.7919149989243436E+002
 3.5500000000000003E+000  3.1103292701492916E+002
 3.6000000000000001E+000  3.1145621132616230E+002
 3.6500000000000004E+000  2.7570085372617177E+002
 3.7000000000000002E+000  2.3192872578491927E+002
 3.7500000000000000E+000  1.9715674217783470E+002
 3.8000000000000003E+000  1.8022932692022525E+002
 3.8500000000000001E+000  1.7649710229226613E+002
 3.9000000000000004E+000  1.9189147701334099E+002
 3.9500000000000002E+000  1.9232332350186383E+002
 4.0000000000000000E+000  1.7013982269798089E+002
 4.0499999999999998E+000  1.3748830931426019E+002
 4.1000000000000005E+000  1.0447152307145105E+002
 4.1500000000000004E+000  7.9626724159458917E+001
 4.2000000000000002E+000  6.1848344377737448E+001
 4.2500000000000000E+000  5.1066578969915241E+001
 4.2999999999999998E+000  4.2958249480545547E+001
 4.3500000000000005E+000  3.7729278328936715E+001
 4.4000000000000004E+000  3.5495090917216999E+001
 4.4500000000000002E+000  3.4527386285278972E+001
 4.5000000000000000E+000  3.4799822451050197E+001
 4.5499999999999998E+000  3.6565962122581048E+001
 4.6000000000000005E+000  3.9430999122436113E+001
 4.6500000000000004E+000  4.2275784325471612E+001
 4.7000000000000002E+000  4.4585309036802172E+001
 4.7500000000000000E+000  4.6075644541176331E+001
 4.8000000000000007E+000  4.9175393438536155E+001
 4.8500000000000005E+000  5.2903420815703740E+001
 4.9000000000000004E+000  5.4436580417727932E+001
 4.9500000000000002E+000  5.2409794337621605E+001
 5.0000000000000000E+000  5.0018545025543375E+001
 5.0500000000000007E+000  4.9584372912147970E+001
 5.1000000000000005E+000  5.3484228398362674E+001
 5.1500000000000004E+000  6.0671393429635870E+001
 5.2000000000000002E+000  7.2099794650674895E+001
 5.2500000000000000E+000  8.3985912732844042E+001
 5.3000000000000007E+000  9.5901311275929629E+001
 5.3500000000000005E+000  1.0342815813911861E+002
 5.4000000000000004E+000  1.0533767458980864E+002
 5.4500000000000002E+000  1.0184074437919755E+002
 5.5000000000000000E+000  9.3459889684556785E+001
 5.5500000000000007E+000  8.6347765001824172E+001
 5.6000000000000005E+000  8.1355974768624236E+001
 5.6500000000000004E+000  7.8039429560323114E+001
 5.7000000000000002E+000  7.7281691716736333E+001
 5.7500000000000000E+000  7.8454769136521122E+001
 5.8000000000000007E+000  8.1742334851640166E+001
 5.8500000000000005E+000  9.0526901207957295E+001
 5.9000000000000004E+000  1.0394639193329637E+002
 5.9500000000000002E+000  1.2111910149440831E+002
 6.0000000000000000E+000  1.3735859546838986E+002
 6.0500000000000007E+000  1.4849007903171918E+002
 6.1000000000000005E+000  1.4969509162880840E+002
 6.1500000000000004E+000  1.4412985378536027E+002
 6.2000000000000002E+000  1.3214340191267425E+002
 6.2500000000000000E+000  1.1664029412147187E+002
 6.3000000000000007E+000  1.0171822476394588E+002
 6.3500000000000005E+000  9.1502747791057885E+001
 6.4000000000000004E+000  8.4286414531847186E+001
 6.4500000000000002E+000  7.9671760752729298E+001
 6.5000000000000000E+000  7.8048994353788103E+001
 6.5500000000000007E+000  7.6785136124879315E+001
 6.6000000000000005E+000  7.4773595071852156E+001
 6.6500000000000004E+000  7.2941995080205004E+001
 6.7000000000000002E+000  7.1679580660758546E+001
 6.7500000000000000E+000  7.1849536743247810E+001
 6.8000000000000007E+000  7.4099071758622955E+001
 6.8500000000000005E+000  7.8156937137938939E+001
 6.9000000000000004E+000  8.1799306531461212E+001
 6.9500000000000002E+000  8.3039041990272025E+001
 7.0000000000000000E+000  8.2331277896752638E+001
 7.0500000000000007E+000  7.9162476665748287E+001
 7.1000000000000005E+000  7.5787976953138255E+001
 7.1500000000000004E+000  7.4019411965766977E+001
 7.2000000000000002E+000  7.3523673992603790E+001
 7.2500000000000000E+000  7.2121333308907722E+001
 7.3000000000000007E+000  7.1513830188580712E+001
 7.3500000000000005E+000  7.0223234140304697E+001
 7.4000000000000004E+000  7.1105757309795322E+001
 7.4500000000000002E+000  7.2864775748208800E+001
 7.5000000000000000E+000  7.5647721433701747E+001
 7.5500000000000007E+000  7.8979927758465351E+001
 7.6000000000000005E+000  8.3704904799338408E+001
 7.6500000000000004E+000  9.0281117798887095E+001
 7.7000000000000002E+000  9.9234501445526519E+001
 7.7500000000000000E+000  1.0963544143711512E+002
 7.8000000000000007E+000  1.2041118272256422E+002
 7.8500000000000005E+000  1.2834760077466424E+002
 7.9000000000000004E+000  1.3419297394680925E+002
 7.9500000000000002E+000  1.3737461081364074E+002
 8.0000000000000000E+000  1.4004045508610312E+002
 8.0500000000000007E+000  1.4264926196935005E+002
 8.0999999999999996E+000  1.4714857182729904E+002
 8.1500000000000004E+000  1.5175358869168895E+002
 8.2000000000000011E+000  1.5324142655237588E+002
 8.2500000000000000E+000  1.5175959390392097E+002
 8.3000000000000007E+000  1.4883809604924841E+002
 8.3499999999999996E+000  1.4525626640015614E+002
 8.4000000000000004E+000  1.4094996572529575E+002
 8.4500000000000011E+000  1.3737384631164505E+002
 8.5000000000000000E+000  1.3445266195179161E+002
 8.5500000000000007E+000  1.3317000518054414E+002
 8.5999999999999996E+000  1.3316777863482488E+002
 8.6500000000000004E+000  1.3153938247318752E+002
 8.7000000000000011E+000  1.2818267273684074E+002
 8.7500000000000000E+000  1.2367238747522822E+002
 8.8000000000000007E+000  1.1753132119058718E+002
 8.8499999999999996E+000  1.1148832280878314E+002
 8.9000000000000004E+000  1.0633694555499027E+002
 8.9500000000000011E+000  1.0465557018521130E+002
 9.0000000000000000E+000  1.0518674561961349E+002
 9.0500000000000007E+000  1.0425375607224862E+002
 9.0999999999999996E+000  1.0128736426726017E+002
 9.1500000000000004E+000  9.6960976554715458E+001
 9.2000000000000011E+000  9.1909986714418295E+001
 9.2500000000000000E+000  8.6687054587994865E+001
 9.3000000000000007E+000  8.2116784354826393E+001
 9.3499999999999996E+000  7.8571930291287700E+001
 9.4000000000000004E+000  7.6490588591588590E+001
 9.4500000000000011E+000  7.4865165206329181E+001
 9.5000000000000000E+000  7.3552188329716671E+001
 9.5500000000000007E+000  7.2416934740721302E+001
 9.6000000000000014E+000  7.1130212810735742E+001
 9.6500000000000004E+000  6.9798309114584157E+001
 9.7000000000000011E+000  6.8897912997993316E+001
 9.7500000000000000E+000  6.7714476314871661E+001
 9.8000000000000007E+000  6.6901643445495537E+001
 9.8500000000000014E+000  6.5632612704331265E+001
 9.9000000000000004E+000  6.4059024251466738E+001
 9.9500000000000011E+000  6.2444551319746431E+001
 1.0000000000000000E+001  6.0819916377352534E+001
 1.0050000000000001E+001  5.9255626958754512E+001
 1.0100000000000001E+001  5.9074858651367350E+001
 1.0150000000000000E+001  5.9136801950656135E+001
 1.0200000000000001E+001  5.8880707152118468E+001
 1.0250000000000000E+001  5.9420459842035108E+001
 1.0300000000000001E+001  6.0880879149826384E+001
 1.0350000000000001E+001  6.2525626110616280E+001
 1.0400000000000000E+001  6.3295478887258682E+001
 1.0450000000000001E+001  6.4121023507448953E+001
 1.0500000000000000E+001  6.4748045230908303E+001
 1.0550000000000001E+001  6.5835709102381898E+001
 1.0600000000000001E+001  6.7361569707472214E+001
 1.0650000000000000E+001  6.9068625347864625E+001
 1.0700000000000001E+001  6.9904519750481001E+001
 1.0750000000000000E+001  7.1307317719085120E+001
 1.0800000000000001E+001  7.3729833470314304E+001
 1.0850000000000001E+001  7.7888690252977270E+001
 1.0900000000000000E+001  8.1982550696042154E+001
 1.0950000000000001E+001  8.6442130009011763E+001
 1.1000000000000000E+001  9.0380431950636591E+001
 1.1050000000000001E+001  9.3435993470682249E+001
 1.1100000000000001E+001  9.4655659478405354E+001
 1.1150000000000000E+001  9.3278839082556217E+001
 1.1200000000000001E+001  9.0068088268583580E+001
 1.1250000000000000E+001  8.5616614846173945E+001
 1.1300000000000001E+001  8.2969965278859362E+001
 1.1350000000000001E+001  8.2454713749012726E+001
 1.1400000000000000E+001  8.3990362796040586E+001
 1.1450000000000001E+001  8.6265097289681506E+001
 1.1500000000000000E+001  8.7826709318484916E+001
 1.1550000000000001E+001  8.6739941315287453E+001
 1.1600000000000001E+001  8.4254696907677797E+001
 1.1650000000000000E+001  8.2131562984503148E+001
 1.1700000000000001E+001  7.9305778211918749E+001
 1.1750000000000000E+001  7.7174638530199417E+001
 1.1800000000000001E+001  7.6582587284495688E+001
 1.1850000000000001E+001  7.7032060986955457E+001
 1.1900000000000000E+001  7.8523249246763768E+001
 1.1950000000000001E+001  8.1339706832260987E+001
 1.2000000000000000E+001  8.6209792480178749E+001
 1.2050000000000001E+001  8.9673742130828572E+001
 1.2100000000000001E+001  9.2490518682257118E+001
 1.2150000000000000E+001  9.4627829806630047E+001
 1.2200000000000001E+001  9.5319241669189736E+001
 1.2250000000000000E+001  9.4522276022570011E+001
 1.2300000000000001E+001  9.2421900002571107E+001
 1.2350000000000001E+001  9.0204424601068396E+001
 1.2400000000000000E+001  8.7047657916550861E+001
 1.2450000000000001E+001  8.3582419482219166E+001
 1.2500000000000000E+001  8.0573423183625138E+001
 1.2550000000000001E+001  7.8751649203057113E+001
 1.2600000000000001E+001  7.7426147272430669E+001
 1.2650000000000000E+001  7.6978896637910736E+001
 1.2700000000000001E+001  7.7506635129891123E+001
 1.2750000000000000E+001  7.8734193466413814E+001
 1.2800000000000001E+001  8.0547330465711369E+001
 1.2850000000000001E+001  8.2063221386281853E+001
 1.2900000000000000E+001  8.1875502767997105E+001
 1.2950000000000001E+001  8.1321832336832614E+001
 1.3000000000000000E+001  8.0039776670398069E+001
 1.3050000000000001E+001  7.8765562265338332E+001
 1.3100000000000001E+001  7.6793848022154577E+001
 1.3150000000000000E+001  7.4675156062043072E+001
 1.3200000000000001E+001  7.2160940047196604E+001
 1.3250000000000000E+001  6.9814964074707930E+001
 1.3300000000000001E+001  6.8126840410069448E+001
 1.3350000000000001E+001  6.7728525968517630E+001
 1.3400000000000000E+001  6.7828752218533481E+001
 1.3450000000000001E+001  6.8441542738625031E+001
 1.3500000000000000E+001  6.8995149901805775E+001
 1.3550000000000001E+001  7.0170174952028418E+001
 1.3600000000000001E+001  7.0943660280346265E+001
 1.3650000000000000E+001  7.0863314386521139E+001
 1.3700000000000001E+001  7.0498007129584551E+001
 1.3750000000000000E+001  6.9330431080607980E+001
 1.3800000000000001E+001  6.7926840327469620E+001
 1.3850000000000001E+001  6.7176121932189545E+001
 1.3900000000000000E+001  6.6666465852347798E+001
 1.3950000000000001E+001  6.6978421400675188E+001
 1.4000000000000000E+001  6.8711885415748839E+001
 1.4050000000000001E+001  7.0894797811786731E+001
 1.4100000000000001E+001  7.2302199233993250E+001
 1.4150000000000000E+001  7.3221632503425070E+001
 1.4200000000000001E+001  7.3674168136573769E+001
 1.4250000000000000E+001  7.2624052595518521E+001
 1.4300000000000001E+001  7.1310115300131997E+001
 1.4350000000000001E+001  6.9824275737244804E+001
 1.4400000000000000E+001  6.8711168469099320E+001
 1.4450000000000001E+001  6.8131544180254394E+001
 1.4500000000000000E+001  6.8518429783278535E+001
 1.4550000000000001E+001  6.8514808744035449E+001
 1.4600000000000001E+001  6.7924469731001835E+001
 1.4650000000000000E+001  6.6820682892713975E+001
 1.4700000000000001E+001  6.5287912903452693E+001
 1.4750000000000000E+001  6.4481090615717818E+001
 1.4800000000000001E+001  6.4062251918080761E+001
 1.4850000000000001E+001  6.3825300516212266E+001
 1.4900000000000000E+001  6.3792017143897489E+001
 1.4950000000000001E+001  6.3901039611055118E+001
 1.5000000000000000E+001  6.4350369034052534E+001
 1.5050000000000001E+001  6.4944912412147985E+001
 1.5100000000000001E+001  6.5740041689123245E+001
 1.5150000000000000E+001  6.5635568368149421E+001
 1.5200000000000001E+001  6.5174594520093919E+001
 1.5250000000000000E+001  6.4687449573975627E+001
 1.5300000000000001E+001  6.4249617074471189E+001
 1.5350000000000001E+001  6.4014012327347857E+001
 1.5400000000000000E+001  6.3649369001523006E+001
 1.5450000000000001E+001  6.3701636403140732E+001
 1.5500000000000000E+001  6.3950347108506691E+001
 1.5550000000000001E+001  6.3995946025293854E+001
 1.5600000000000001E+001  6.3634483272244907E+001
 1.5650000000000000E+001  6.3793480494150160E+001
 1.5700000000000001E+001  6.3599195608939468E+001
 1.5750000000000000E+001  6.3221890479493780E+001
 1.5800000000000001E+001  6.2832098916227530E+001
 1.5850000000000001E+001  6.2667540146166644E+001
 1.5900000000000000E+001  6.1630996172196419E+001
 1.5950000000000001E+001  6.0967719705929035E+001
 1.6000000000000000E+001  6.1076770394536858E+001
 1.6050000000000001E+001  6.0935299937643883E+001
 1.6100000000000001E+001  6.0656632948701322E+001
 1.6150000000000002E+001  6.0342212892825629E+001
 1.6199999999999999E+001  6.0720746994442841E+001
 1.6250000000000000E+001  6.0698256576384964E+001
 1.6300000000000001E+001  6.0829990052661707E+001
 1.6350000000000001E+001  6.0908433510386395E+001
 1.6400000000000002E+001  6.1242445212029786E+001
 1.6449999999999999E+001  6.1334703465493504E+001
 1.6500000000000000E+001  6.1369796313004763E+001
 1.6550000000000001E+001  6.2170989932273280E+001
 1.6600000000000001E+001  6.2843447523105375E+001
 1.6650000000000002E+001  6.3409388619958783E+001
 1.6699999999999999E+001  6.3722837291114487E+001
 1.6750000000000000E+001  6.4740462361792936E+001
 1.6800000000000001E+001  6.5545918272035195E+001
 1.6850000000000001E+001  6.6246060514970026E+001
 1.6900000000000002E+001  6.6369121561728136E+001
 1.6949999999999999E+001  6.6013081283382974E+001
 1.7000000000000000E+001  6.5720478128308841E+001
 1.7050000000000001E+001  6.4832306238036935E+001
 1.7100000000000001E+001  6.4580218877291912E+001
 1.7150000000000002E+001  6.4314021073006899E+001
 1.7199999999999999E+001  6.4252390914656772E+001
 1.7250000000000000E+001  6.4347058351779026E+001
 1.7300000000000001E+001  6.5124702804553849E+001
 1.7350000000000001E+001  6.5538026694556805E+001
 1.7400000000000002E+001  6.5771830606392228E+001
 1.7449999999999999E+001  6.6364883373154910E+001
 1.7500000000000000E+001  6.7007532287992291E+001
 1.7550000000000001E+001  6.7649582144045780E+001
 1.7600000000000001E+001  6.8537967981270469E+001
 1.7650000000000002E+001  6.9139339979715359E+001
 1.7699999999999999E+001  6.8948225458088174E+001
 1.7750000000000000E+001  6.9036854624078927E+001
 1.7800000000000001E+001  6.9489470646556867E+001
 1.7850000000000001E+001  6.9414983137561805E+001
 1.7900000000000002E+001  7.0280161105464970E+001
 1.7949999999999999E+001  6.9669227007887073E+001
 1.8000000000000000E+001  6.9380025268558427E+001
 1.8050000000000001E+001  6.8999095875195252E+001
 1.8100000000000001E+001  6.8457857568590441E+001
 1.8150000000000002E+001  6.8220532338892738E+001
 1.8199999999999999E+001  6.8306038572913820E+001
 1.8250000000000000E+001  6.7942804397776570E+001
 1.8300000000000001E+001  6.7908975341208134E+001
 1.8350000000000001E+001  6.7840954924848106E+001
 1.8400000000000002E+001  6.8405459380852790E+001
 1.8449999999999999E+001  6.8413479956019330E+001
 1.8500000000000000E+001  6.8889464926226168E+001
 1.8550000000000001E+001  6.9597263003301251E+001
 1.8600000000000001E+001  7.0494887121139399E+001
 1.8650000000000002E+001  7.0285064319909523E+001
 1.8699999999999999E+001  7.0138323122138075E+001
 1.8750000000000000E+001  7.0339895453505093E+001
 1.8800000000000001E+001  7.0033526671749996E+001
 1.8850000000000001E+001  7.0149101895320115E+001
 1.8900000000000002E+001  6.9491666941986381E+001
 1.8949999999999999E+001  6.8813441576583472E+001
 1.9000000000000000E+001  6.8503681696708085E+001
 1.9050000000000001E+001  6.8547356979490090E+001
 1.9100000000000001E+001  6.8104121327030640E+001
 1.9150000000000002E+001  6.7494247980417214E+001
 1.9200000000000003E+001  6.7356152262278059E+001
 1.9250000000000000E+001  6.7526519105741599E+001
 1.9300000000000001E+001  6.7841898037745850E+001
 1.9350000000000001E+001  6.7385161361102931E+001
 1.9400000000000002E+001  6.7602436867659875E+001
 1.9450000000000003E+001  6.7789181524354120E+001
 1.9500000000000000E+001  6.7995615567427961E+001
 1.9550000000000001E+001  6.7937839151902054E+001
 1.9600000000000001E+001  6.7815579980469806E+001
 1.9650000000000002E+001  6.8100091001590158E+001
 1.9700000000000003E+001  6.8221193158699265E+001
 1.9750000000000000E+001  6.8084526482932603E+001
 1.9800000000000001E+001  6.8320078800499090E+001
 1.9850000000000001E+001  6.8334138176685343E+001
 1.9900000000000002E+001  6.8140455434095216E+001
 1.9950000000000003E+001  6.7686473629388161E+001
 2.0000000000000000E+001  6.7501437458464082E+001
 2.0050000000000001E+001  6.6575880617514812E+001
 2.0100000000000001E+001  6.6171155399445013E+001
 2.0150000000000002E+001  6.5883720758230965E+001
 2.0200000000000003E+001  6.5978249798202796E+001
 2.0250000000000000E+001  6.6147758242155831E+001
 2.0300000000000001E+001  6.6611202946741074E+001
 2.0350000000000001E+001  6.7163327012919993E+001
 2.0400000000000002E+001  6.7149795540751370E+001
 2.0450000000000003E+001  6.6750076550650235E+001
 2.0500000000000000E+001  6.6573076113569854E+001
 2.0550000000000001E+001  6.6133936377008027E+001
 2.0600000000000001E+001  6.5889671405637046E+001
 2.0650000000000002E+001  6.5465817731432892E+001
 2.0700000000000003E+001  6.5295604320110058E+001
 2.0750000000000000E+001  6.5379390865847725E+001
 2.0800000000000001E+001  6.5775184419888788E+001
 2.0850000000000001E+001  6.6405582409564431E+001
 2.0900000000000002E+001  6.7088306866423977E+001
 2.0950000000000003E+001  6.7039568068022646E+001
 2.1000000000000000E+001  6.7132039292612092E+001
 2.1050000000000001E+001  6.7541695773371387E+001
 2.1100000000000001E+001  6.7943189219785353E+001
 2.1150000000000002E+001  6.8149226971420717E+001
 2.1200000000000003E+001  6.8369782784889807E+001
 2.1250000000000000E+001  6.8676010895313723E+001
 2.1300000000000001E+001  6.8835189504412327E+001
 2.1350000000000001E+001  6.9851370044334232E+001
 2.1400000000000002E+001  7.0374781662680036E+001
 2.1450000000000003E+001  7.0650118525882249E+001
 2.1500000000000000E+001  7.1049862164764676E+001
 2.1550000000000001E+001  7.0556307213197670E+001
 2.1600000000000001E+001  7.0380300802469009E+001
 2.1650000000000002E+001  6.9674790461957542E+001
 2.1700000000000003E+001  6.8741510457026394E+001
 2.1750000000000000E+001  6.7858448920683671E+001
 2.1800000000000001E+001  6.7900226456500775E+001
 2.1850000000000001E+001  6.7748107742882937E+001
 2.1900000000000002E+001  6.8009101968267473E+001
 2.1950000000000003E+001  6.8523000344441954E+001
 2.2000000000000000E+001  6.8269819625438330E+001
 2.2050000000000001E+001  6.8071713808251687E+001
 2.2100000000000001E+001  6.7692158354116032E+001
 2.2150000000000002E+001  6.6827174560066126E+001
 2.2200000000000003E+001  6.5813903246200496E+001
 2.2250000000000000E+001  6.5184169523551546E+001
 2.2300000000000001E+001  6.5461433163568671E+001
 2.2350000000000001E+001  6.6045417302709325E+001
 2.2400000000000002E+001  6.6150292241881147E+001
 2.2450000000000003E+001  6.5346830158461515E+001
 2.2500000000000000E+001  6.4798753011357391E+001
 2.2550000000000001E+001  6.4639264137873781E+001
 2.2600000000000001E+001  6.4919444561882955E+001
 2.2650000000000002E+001  6.4807330449863755E+001
 2.2700000000000003E+001  6.4022917359739466E+001
 2.2750000000000000E+001  6.3338784755211407E+001
 2.2800000000000001E+001  6.3231240752554669E+001
 2.2850000000000001E+001  6.3504744309349469E+001
 2.2900000000000002E+001  6.3256189882297882E+001
 2.2950000000000003E+001  6.2638113126156298E+001
 2.3000000000000000E+001  6.2544877041559708E+001
 2.3050000000000001E+001  6.1765026003838862E+001
 2.3100000000000001E+001  6.1085521542121114E+001
 2.3150000000000002E+001  6.0707954871490593E+001
 2.3200000000000003E+001  6.0720983651032896E+001
 2.3250000000000000E+001  6.0254971720170630E+001
 2.3300000000000001E+001  5.9695571163203127E+001
 2.3350000000000001E+001  5.9167085171340368E+001
 2.3400000000000002E+001  5.8544290503642067E+001
 2.3450000000000003E+001  5.8670541563276615E+001
 2.3500000000000000E+001  5.9117300563944696E+001
 2.3550000000000001E+001  5.8736851831949359E+001
 2.3600000000000001E+001  5.8099080041004179E+001
 2.3650000000000002E+001  5.7461509875390711E+001
 2.3700000000000003E+001  5.7328669823677330E+001
 2.3750000000000000E+001  5.7429784414425939E+001
 2.3800000000000001E+001  5.7058163431634696E+001
 2.3850000000000001E+001  5.7197714427179108E+001
 2.3900000000000002E+001  5.6996959719006504E+001
 2.3950000000000003E+001  5.6217514774362435E+001
 2.4000000000000000E+001  5.6154050357200575E+001
 2.4050000000000001E+001  5.5974403861056899E+001
 2.4100000000000001E+001  5.5825345841331028E+001
 2.4150000000000002E+001  5.5986214550246572E+001
 2.4200000000000003E+001  5.6059846041897231E+001
 2.4250000000000000E+001  5.5946170290644496E+001
 2.4300000000000001E+001  5.5867757819749961E+001
 2.4350000000000001E+001  5.6160622684821952E+001
 2.4400000000000002E+001  5.5982160561578738E+001
 2.4450000000000003E+001  5.5984087935068793E+001
 2.4500000000000000E+001  5.5456511608324071E+001
 2.4550000000000001E+001  5.5331807419707026E+001
 2.4600000000000001E+001  5.5302374505545856E+001
 2.4650000000000002E+001  5.5021256279809577E+001
 2.4700000000000003E+001  5.4845674981051339E+001
 2.4750000000000000E+001  5.4969210168353534E+001
 2.4800000000000001E+001  5.4385927610503963E+001
 2.4850000000000001E+001  5.3466846322681064E+001
 2.4900000000000002E+001  5.3336918767222258E+001
 2.4950000000000003E+001  5.3152353642445199E+001
 2.5000000000000000E+001  5.3119567705054529E+001
 2.5050000000000001E+001  5.2811328316876988E+001
 2.5100000000000001E+001  5.2463649235432229E+001
 2.5150000000000002E+001  5.1819097460593085E+001
 2.5200000000000003E+001  5.1653814972393782E+001
 2.5250000000000000E+001  5.1326146691156247E+001
 2.5300000000000001E+001  5.1094512795626379E+001
 2.5350000000000001E+001  5.0702928456952797E+001
 2.5400000000000002E+001  5.0088797870548888E+001
 2.5450000000000003E+001  5.0733505176540433E+001
 2.5500000000000000E+001  5.0621995951910527E+001
 2.5550000000000001E+001  5.0545246764247572E+001
 2.5600000000000001E+001  5.0714142699403546E+001
 2.5650000000000002E+001  5.0562490132366946E+001
 2.5700000000000003E+001  5.0176742974504954E+001
 2.5750000000000000E+001  5.0086869629702484E+001
 2.5800000000000001E+001  5.0117742251313743E+001
 2.5850000000000001E+001  5.0049925873425892E+001
 2.5900000000000002E+001  4.9854068716993567E+001
 2.5950000000000003E+001  4.9149485568066659E+001
 2.6000000000000000E+001  4.8579469095091923E+001
 2.6050000000000001E+001  4.8576596805299353E+001
 2.6100000000000001E+001  4.8395365151278703E+001
 2.6150000000000002E+001  4.8129428825910111E+001
 2.6200000000000003E+001  4.8106827436108112E+001
 2.6250000000000000E+001  4.8566004988153843E+001
 2.6300000000000001E+001  4.8515174212748583E+001
 2.6350000000000001E+001  4.8045701165808985E+001
 2.6400000000000002E+001  4.7884859971603504E+001
 2.6450000000000003E+001  4.7658999402725279E+001
 2.6500000000000000E+001  4.7249086617276298E+001
 2.6550000000000001E+001  4.6837823916360605E+001
 2.6600000000000001E+001  4.6494299656942061E+001
 2.6650000000000002E+001  4.6003873741779671E+001
 2.6700000000000003E+001  4.5895211677267540E+001
 2.6750000000000000E+001  4.5858477499393352E+001
 2.6800000000000001E+001  4.6066408554297780E+001
 2.6850000000000001E+001  4.5938132952336510E+001
 2.6900000000000002E+001  4.5441567954672365E+001
 2.6950000000000003E+001  4.5190605071137611E+001
 2.7000000000000000E+001  4.5286796030261257E+001
 2.7050000000000001E+001  4.5202882341405193E+001
 2.7100000000000001E+001  4.5058041843868359E+001
 2.7150000000000002E+001  4.4799050131031038E+001
 2.7200000000000003E+001  4.4609465836491594E+001
 2.7250000000000000E+001  4.4636920581637817E+001
 2.7300000000000001E+001  4.4360834849814893E+001
 2.7350000000000001E+001  4.4288870065375512E+001
 2.7400000000000002E+001  4.4047862183351477E+001
 2.7450000000000003E+001  4.3662291643407521E+001
 2.7500000000000000E+001  4.3738154740228325E+001
 2.7550000000000001E+001  4.3537973449963751E+001
 2.7600000000000001E+001  4.3441899181650633E+001
 2.7650000000000002E+001  4.3307674011553004E+001
 2.7700000000000003E+001  4.3319916824337703E+001
 2.7750000000000000E+001  4.3262408385381306E+001
 2.7800000000000001E+001  4.3330517950608332E+001
 2.7850000000000001E+001  4.3094596825966512E+001
 2.7900000000000002E+001  4.2942792946226369E+001
 2.7950000000000003E+001  4.2910388455787711E+001
 2.8000000000000000E+001  4.2846670542942228E+001
 2.8050000000000001E+001  4.2478361902814029E+001
 2.8100000000000001E+001  4.1935981226668318E+001
 2.8150000000000002E+001  4.2023080288480749E+001
 2.8200000000000003E+001  4.2078659265930540E+001
 2.8250000000000000E+001  4.1899531661034878E+001
 2.8300000000000001E+001  4.1652361641559970E+001
 2.8350000000000001E+001  4.1449182481293633E+001
 2.8400000000000002E+001  4.1793889109833039E+001
 2.8450000000000003E+001  4.1836298741612367E+001
 2.8500000000000000E+001  4.1304387881887230E+001
 2.8550000000000001E+001  4.1005481523591016E+001
 2.8600000000000001E+001  4.0942698866757574E+001
 2.8650000000000002E+001  4.0626119154304007E+001
 2.8700000000000003E+001  4.0796121291771691E+001
 2.8750000000000000E+001  4.0715283665020898E+001
 2.8800000000000001E+001  4.0654349445657729E+001
 2.8850000000000001E+001  4.0312490584579187E+001
 2.8900000000000002E+001  3.9978036124209716E+001
 2.8950000000000003E+001  4.0103647540715492E+001
 2.9000000000000000E+001  3.9821721103457286E+001
 2.9050000000000001E+001  3.9663301039795847E+001
 2.9100000000000001E+001  3.9558269056433424E+001
 2.9150000000000002E+001  3.9690004802633290E+001
 2.9200000000000003E+001  3.9739606556143244E+001
 2.9250000000000000E+001  3.9896846726739170E+001
 2.9300000000000001E+001  3.9545616157860870E+001
 2.9350000000000001E+001  3.9267533426066862E+001
 2.9400000000000002E+001  3.9158187721329774E+001
 2.9450000000000003E+001  3.9176175865356655E+001
 2.9500000000000000E+001  3.8947036221465012E+001
 2.9550000000000001E+001  3.8942377003195695E+001
 2.9600000000000001E+001  3.8707340332207643E+001
 2.9650000000000002E+001  3.8754664247454819E+001
 2.9700000000000003E+001  3.8950377065311685E+001
 2.9750000000000000E+001  3.8672551910587025E+001
 2.9800000000000001E+001  3.8725226595391696E+001
 2.9850000000000001E+001  3.8753155142211860E+001
 2.9900000000000002E+001  3.8721236210807263E+001
 2.9950000000000003E+001  3.8619296777929115E+001
 3.0000000000000000E+001  3.8748623928921546E+001
 3.0050000000000001E+001  3.8556104322848583E+001
 3.0100000000000001E+001  3.8084105787893122E+001
 3.0150000000000002E+001  3.8378001767587193E+001
 3.0200000000000003E+001  3.8833004553977183E+001
 3.0250000000000000E+001  3.8738202399795163E+001
 3.0300000000000001E+001  3.8466401057502694E+001
 3.0350000000000001E+001  3.7835696147014325E+001
 3.0400000000000002E+001  3.8076113184268415E+001
 3.0450000000000003E+001  3.8239957258660361E+001
 3.0500000000000000E+001  3.8339716984166593E+001
 3.0550000000000001E+001  3.8322971837094762E+001
 3.0600000000000001E+001  3.8338390017077806E+001
 3.0650000000000002E+001  3.8384947698640616E+001
 3.0700000000000003E+001  3.8286569563997084E+001
 3.0750000000000000E+001  3.8177250294988035E+001
 3.0800000000000001E+001  3.8225757841235954E+001
 3.0850000000000001E+001  3.8377593157397861E+001
 3.0900000000000002E+001  3.8315663024260552E+001
 3.0950000000000003E+001  3.8143863810459848E+001
 3.1000000000000000E+001  3.8474185403179561E+001
 3.1050000000000001E+001  3.8319791872484629E+001
 3.1100000000000001E+001  3.8007857323291447E+001
 3.1150000000000002E+001  3.7924552024485337E+001
 3.1200000000000003E+001  3.8112527935547654E+001
 3.1250000000000000E+001  3.8336812457815071E+001
 3.1300000000000001E+001  3.8582171712140379E+001
 3.1350000000000001E+001  3.8879540417019278E+001
 3.1400000000000002E+001  3.8940220177502781E+001
 3.1450000000000003E+001  3.8835008102499394E+001
 3.1500000000000000E+001  3.8829992095249686E+001
 3.1550000000000001E+001  3.8942643971844909E+001
 3.1600000000000001E+001  3.9033738280377079E+001
 3.1650000000000002E+001  3.8759831011865231E+001
 3.1700000000000003E+001  3.8908763340385285E+001
 3.1750000000000000E+001  3.9165635389056192E+001
 3.1800000000000001E+001  3.8877644543765328E+001
 3.1850000000000001E+001  3.8800883372913724E+001
 3.1900000000000002E+001  3.9104898504947556E+001
 3.1950000000000003E+001  3.9351997810659313E+001
 3.2000000000000000E+001  3.9536691065965265E+001
 3.2050000000000004E+001  3.9932347602319950E+001
 3.2100000000000001E+001  4.0021591129894190E+001
 3.2149999999999999E+001  3.9790433171791484E+001
 3.2200000000000003E+001  4.0059746163618563E+001
 3.2250000000000000E+001  4.0792507826865766E+001
 3.2300000000000004E+001  4.0362341214024973E+001
 3.2350000000000001E+001  3.9858227353063597E+001
 3.2399999999999999E+001  3.9927006240735047E+001
 3.2450000000000003E+001  4.0059371591877806E+001
 3.2500000000000000E+001  4.0414830579064599E+001
 3.2550000000000004E+001  3.9956229267265620E+001
 3.2600000000000001E+001  4.0061981954571841E+001
 3.2649999999999999E+001  4.0230089118365562E+001
 3.2700000000000003E+001  4.0167120917893001E+001
 3.2750000000000000E+001  4.0035238021267247E+001
 3.2800000000000004E+001  4.0602930939907843E+001
 3.2850000000000001E+001  4.0420613721280148E+001
 3.2899999999999999E+001  4.0053567954636826E+001
 3.2950000000000003E+001  3.9921745333644907E+001
 3.3000000000000000E+001  4.0127187449998793E+001
 3.3050000000000004E+001  4.0152043718662661E+001
 3.3100000000000001E+001  4.0015581463900347E+001
 3.3149999999999999E+001  4.0016730011575774E+001
 3.3200000000000003E+001  4.0085211361110147E+001
 3.3250000000000000E+001  3.9617109046765997E+001
 3.3300000000000004E+001  3.9955426318989382E+001
 3.3350000000000001E+001  3.9868067537531573E+001
 3.3399999999999999E+001  4.0039755799236211E+001
 3.3450000000000003E+001  3.9922545963482193E+001
 3.3500000000000000E+001  3.9721363949507904E+001
 3.3550000000000004E+001  3.9583648649785175E+001
 3.3600000000000001E+001  3.9493911107454494E+001
 3.3649999999999999E+001  3.9499627859091881E+001
 3.3700000000000003E+001  3.9422072689002178E+001
 3.3750000000000000E+001  3.9134027295093617E+001
 3.3800000000000004E+001  3.9037119372646117E+001
 3.3850000000000001E+001  3.8956770555921729E+001
 3.3899999999999999E+001  3.8963623720641309E+001
 3.3950000000000003E+001  3.8941240968640862E+001
 3.4000000000000000E+001  3.8488496005552442E+001
 3.4050000000000004E+001  3.8634971814617792E+001
 3.4100000000000001E+001  3.8504619033678274E+001
 3.4149999999999999E+001  3.8189031795226498E+001
 3.4200000000000003E+001  3.8656998849829627E+001
 3.4250000000000000E+001  3.8277427881328549E+001
 3.4300000000000004E+001  3.8187736172134485E+001
 3.4350000000000001E+001  3.8557114182933368E+001
 3.4399999999999999E+001  3.8875460634210754E+001
 3.4450000000000003E+001  3.8454752861578349E+001
 3.4500000000000000E+001  3.8076936750409999E+001
 3.4550000000000004E+001  3.7822503061623017E+001
 3.4600000000000001E+001  3.8304135236340962E+001
 3.4649999999999999E+001  3.8275910446060550E+001
 3.4700000000000003E+001  3.8135250223050335E+001
 3.4750000000000000E+001  3.7955426595913337E+001
 3.4800000000000004E+001  3.8040102554745090E+001
 3.4850000000000001E+001  3.7764103482079925E+001
 3.4899999999999999E+001  3.7710653629102396E+001
 3.4950000000000003E+001  3.7844305380522620E+001
 3.5000000000000000E+001  3.8070105512611391E+001
 3.5050000000000004E+001  3.8133524551150145E+001
 3.5100000000000001E+001  3.8221270361941102E+001
 3.5149999999999999E+001  3.7750109272892800E+001
 3.5200000000000003E+001  3.7717225610770093E+001
 3.5250000000000000E+001  3.7491543861379789E+001
 3.5300000000000004E+001  3.7213202431597907E+001
 3.5350000000000001E+001  3.7173220117502389E+001
 3.5399999999999999E+001  3.6683722117004514E+001
 3.5450000000000003E+001  3.7105607189266564E+001
 3.5500000000000000E+001  3.7255285982586003E+001
 3.5550000000000004E+001  3.7031612753372343E+001
 3.5600000000000001E+001  3.6947236603232390E+001
 3.5649999999999999E+001  3.6647249878331969E+001
 3.5700000000000003E+001  3.6347242664304666E+001
 3.5750000000000000E+001  3.6810366243645412E+001
 3.5800000000000004E+001  3.6967988616021152E+001
 3.5850000000000001E+001  3.6553399090233135E+001
 3.5899999999999999E+001  3.6733330480413400E+001
 3.5950000000000003E+001  3.6699168147305606E+001
 3.6000000000000000E+001  3.6318121418862177E+001
 3.6050000000000004E+001  3.6419177286675740E+001
 3.6100000000000001E+001  3.6509661077144749E+001
 3.6149999999999999E+001  3.6731023477715773E+001
 3.6200000000000003E+001  3.6206409685161852E+001
 3.6250000000000000E+001  3.5963729120370353E+001
 3.6300000000000004E+001  3.6249943477237565E+001
 3.6350000000000001E+001  3.6540755989675226E+001
 3.6399999999999999E+001  3.5730079507516137E+001
 3.6450000000000003E+001  3.5631710585492307E+001
 3.6500000000000000E+001  3.6238622195215129E+001
 3.6550000000000004E+001  3.6390917901452426E+001
 3.6600000000000001E+001  3.5845103378216066E+001
 3.6649999999999999E+001  3.5090568845021821E+001
 3.6700000000000003E+001  3.5413601020316712E+001
 3.6750000000000000E+001  3.5630782025663677E+001
 3.6800000000000004E+001  3.6139589133254546E+001
 3.6850000000000001E+001  3.6162231712253565E+001
 3.6899999999999999E+001  3.5940284142494122E+001
 3.6950000000000003E+001  3.6265802177195511E+001
 3.7000000000000000E+001  3.6184029402095909E+001
 3.7050000000000004E+001  3.5234010828184836E+001
 3.7100000000000001E+001  3.4994815583128542E+001
 3.7149999999999999E+001  3.5172355446297580E+001
 3.7200000000000003E+001  3.5253705205447282E+001
 3.7250000000000000E+001  3.5444380865261152E+001
 3.7300000000000004E+001  3.4869763185021007E+001
 3.7350000000000001E+001  3.4635686513053763E+001
 3.7399999999999999E+001  3.4216054397498446E+001
 3.7450000000000003E+001  3.4872330480449534E+001
 3.7500000000000000E+001  3.4358920062127304E+001
 3.7550000000000004E+001  3.4271641266030834E+001
 3.7600000000000001E+001  3.4434632520129441E+001
 3.7649999999999999E+001  3.3901172583853629E+001
 3.7700000000000003E+001  3.4464648190721540E+001
 3.7750000000000000E+001  3.4629645842045157E+001
 3.7800000000000004E+001  3.4620800347827561E+001
 3.7850000000000001E+001  3.4106070709379729E+001
 3.7899999999999999E+001  3.2991269575012396E+001
 3.7950000000000003E+001  3.3202148319096075E+001
 3.8000000000000000E+001  3.3726320116643699E+001
 3.8050000000000004E+001  3.3833547815247577E+001
 3.8100000000000001E+001  3.3641233685524440E+001
 3.8149999999999999E+001  3.3137981525560271E+001
 3.8200000000000003E+001  3.3753228563360963E+001
 3.8250000000000000E+001  3.3283068475288282E+001
 3.8300000000000004E+001  3.3648494004326231E+001
 3.8350000000000001E+001  3.3561241018697970E+001
 3.8400000000000006E+001  3.3618726894155934E+001
 3.8450000000000003E+001  3.3720090505723753E+001
 3.8500000000000000E+001  3.4830373659583103E+001
 3.8550000000000004E+001  3.3426399600142489E+001
 3.8600000000000001E+001  3.2959508582999078E+001
 3.8650000000000006E+001  3.2927385997868406E+001
 3.8700000000000003E+001  3.2507574721405824E+001
 3.8750000000000000E+001  3.2716542862056755E+001
 3.8800000000000004E+001  3.2990124396703386E+001
 3.8850000000000001E+001  3.3311166758160290E+001
 3.8900000000000006E+001  3.3938402263441084E+001
 3.8950000000000003E+001  3.3656243837893598E+001
 3.9000000000000000E+001  3.3565862064217029E+001
 3.9050000000000004E+001  3.3246231603210894E+001
 3.9100000000000001E+001  3.3487233714735794E+001
 3.9150000000000006E+001  3.3429871768672292E+001
 3.9200000000000003E+001  3.3689234246278161E+001
 3.9250000000000000E+001  3.2652525466510561E+001
 3.9300000000000004E+001  3.2306009467182804E+001
 3.9350000000000001E+001  3.2758625776980693E+001
 3.9400000000000006E+001  3.2770673894493619E+001
 3.9450000000000003E+001  3.3083448487052053E+001
 3.9500000000000000E+001  3.3338064845949205E+001
 3.9550000000000004E+001  3.3431443249132570E+001
 3.9600000000000001E+001  3.3225140170642327E+001
 3.9650000000000006E+001  3.1713886977994239E+001
 3.9700000000000003E+001  3.1673045850052652E+001
 3.9750000000000000E+001  3.0669845465191905E+001
 3.9800000000000004E+001  3.1443348198507515E+001
 3.9850000000000001E+001  3.1878473572780010E+001
 3.9900000000000006E+001  3.2603192750778696E+001
 3.9950000000000003E+001  3.2276589130788381E+001
 4.0000000000000000E+001  3.0928939588560052E+001
 4.0050000000000004E+001  3.1132699664791193E+001
 4.0100000000000001E+001  3.2578698868699959E+001
 4.0150000000000006E+001  3.1296771998225463E+001
 4.0200000000000003E+001  3.1155525514321447E+001
 4.0250000000000000E+001  3.0699882745217462E+001
 4.0300000000000004E+001  3.1109758527551225E+001
 4.0350000000000001E+001  3.0787952716859156E+001
 4.0400000000000006E+001  3.1030899748718898E+001
 4.0450000000000003E+001  3.1720035949568420E+001
 4.0500000000000000E+001  3.1898920739701833E+001
 4.0550000000000004E+001  3.1010412798645380E+001
 4.0600000000000001E+001  2.9604339904183920E+001
 4.0650000000000006E+001  2.9791347001587010E+001
 4.0700000000000003E+001  3.0319741278240429E+001
 4.0750000000000000E+001  3.1257047801669120E+001
 4.0800000000000004E+001  3.1357030507540955E+001
 4.0850000000000001E+001  3.1575627571301347E+001
 4.0900000000000006E+001  3.2597265780907811E+001
 4.0950000000000003E+001  3.4966480049336418E+001
 4.1000000000000000E+001  3.5721537671122640E+001
 4.1050000000000004E+001  3.4007630104677119E+001
 4.1100000000000001E+001  3.1162986575477085E+001
 4.1150000000000006E+001  3.1822758556600288E+001
 4.1200000000000003E+001  1.9726708576686043E+001
 4.1250000000000000E+001  2.5864398140851364E+001
