 2.4000000000000004E+000  1.0681576087336571E+001
 2.4500000000000002E+000  1.2469414279950925E+001
 2.5000000000000000E+000  1.3245845611449885E+001
 2.5500000000000003E+000  1.5737103656198428E+001
 2.6000000000000001E+000  1.6988609678601211E+001
 2.6500000000000004E+000  1.9995275322591738E+001
 2.7000000000000002E+000  2.4148710173634104E+001
 2.7500000000000000E+000  4.3606400523564247E+001
 2.8000000000000003E+000  1.1489380766340388E+002
 2.8500000000000001E+000  2.5304394860568254E+002
 2.9000000000000004E+000  3.8657959023022750E+002
 2.9500000000000002E+000  5.3155012146426532E+002
 3.0000000000000000E+000  6.7954107282149391E+002
 3.0500000000000003E+000  7.5956865123743887E+002
 3.1000000000000001E+000  7.2518826635642358E+002
 3.1500000000000004E+000  5.7530326571458897E+002
 3.2000000000000002E+000  3.9030605166660979E+002
 3.2500000000000000E+000  2.6617393640937269E+002
 3.3000000000000003E+000  2.0939960072027594E+002
 3.3500000000000001E+000  1.9270038611248833E+002
 3.4000000000000004E+000  2.0386290657735995E+002
 3.4500000000000002E+000  2.3697632487963762E+002
 3.5000000000000000E+000  2.9435964809945682E+002
 3.5500000000000003E+000  3.3743640800327285E+002
 3.6000000000000001E+000  3.1563666476971702E+002
 3.6500000000000004E+000  2.5240726373435919E+002
 3.7000000000000002E+000  2.0565812689758587E+002
 3.7500000000000000E+000  1.8946771933005181E+002
 3.8000000000000003E+000  1.9928459025406644E+002
 3.8500000000000001E+000  2.1302912767936826E+002
 3.9000000000000004E+000  2.2675519861360834E+002
 3.9500000000000002E+000  2.0258591479008101E+002
 4.0000000000000000E+000  1.6062627768833929E+002
 4.0499999999999998E+000  1.2057922907870919E+002
 4.1000000000000005E+000  8.8632056855058593E+001
 4.1500000000000004E+000  6.6687964062619727E+001
 4.2000000000000002E+000  5.2817496045752591E+001
 4.2500000000000000E+000  4.3001989558188534E+001
 4.2999999999999998E+000  3.6866450715978914E+001
 4.3500000000000005E+000  3.2708681924783889E+001
 4.4000000000000004E+000  3.1415027601923864E+001
 4.4500000000000002E+000  3.1928654827093489E+001
 4.5000000000000000E+000  3.3826593283843764E+001
 4.5499999999999998E+000  3.6821878901336284E+001
 4.6000000000000005E+000  4.0360931373303146E+001
 4.6500000000000004E+000  4.2681498935162139E+001
 4.7000000000000002E+000  4.3945109562866804E+001
 4.7500000000000000E+000  4.7398331371587702E+001
 4.8000000000000007E+000  5.1814796787041175E+001
 4.8500000000000005E+000  5.4538733548833164E+001
 4.9000000000000004E+000  5.2107068266343298E+001
 4.9500000000000002E+000  4.7942804841396885E+001
 5.0000000000000000E+000  4.5379135025820908E+001
 5.0500000000000007E+000  4.6851625260395629E+001
 5.1000000000000005E+000  5.2587942781412146E+001
 5.1500000000000004E+000  6.2691721695428782E+001
 5.2000000000000002E+000  7.6033577291435549E+001
 5.2500000000000000E+000  9.0618233033865110E+001
 5.3000000000000007E+000  1.0420713934446786E+002
 5.3500000000000005E+000  1.1226413700316830E+002
 5.4000000000000004E+000  1.1247587210684696E+002
 5.4500000000000002E+000  1.0533196298474597E+002
 5.5000000000000000E+000  9.6084204622723334E+001
 5.5500000000000007E+000  8.6836786068277874E+001
 5.6000000000000005E+000  7.9536160606840497E+001
 5.6500000000000004E+000  7.7046216627823540E+001
 5.7000000000000002E+000  7.8101297647701912E+001
 5.7500000000000000E+000  8.1335148727615348E+001
 5.8000000000000007E+000  8.8667074108353646E+001
 5.8500000000000005E+000  1.0289134365830279E+002
 5.9000000000000004E+000  1.2055241816587566E+002
 5.9500000000000002E+000  1.3989678219793188E+002
 6.0000000000000000E+000  1.5453337780107026E+002
 6.0500000000000007E+000  1.6009713824304941E+002
 6.1000000000000005E+000  1.5365046775132976E+002
 6.1500000000000004E+000  1.3991610331186678E+002
 6.2000000000000002E+000  1.2065395759289386E+002
 6.2500000000000000E+000  1.0237158954941181E+002
 6.3000000000000007E+000  8.8087550192799682E+001
 6.3500000000000005E+000  8.0015051774056076E+001
 6.4000000000000004E+000  7.4312040645168622E+001
 6.4500000000000002E+000  7.0490492277829404E+001
 6.5000000000000000E+000  6.8008328953281733E+001
 6.5500000000000007E+000  6.8104553913876387E+001
 6.6000000000000005E+000  6.6919317745753389E+001
 6.6500000000000004E+000  6.7136744790159213E+001
 6.7000000000000002E+000  6.9820606824366465E+001
 6.7500000000000000E+000  7.4084371063396603E+001
 6.8000000000000007E+000  8.0389180411634328E+001
 6.8500000000000005E+000  8.6561591323593035E+001
 6.9000000000000004E+000  8.8236970956792788E+001
 6.9500000000000002E+000  8.4708306733499526E+001
 7.0000000000000000E+000  7.9758687071557603E+001
 7.0500000000000007E+000  7.5578522576684534E+001
 7.1000000000000005E+000  7.3665223638444417E+001
 7.1500000000000004E+000  7.3593601981952531E+001
 7.2000000000000002E+000  7.3682781346076240E+001
 7.2500000000000000E+000  7.1592378898262780E+001
 7.3000000000000007E+000  6.8955642902769299E+001
 7.3500000000000005E+000  6.7501775813628583E+001
 7.4000000000000004E+000  6.8098377039132217E+001
 7.4500000000000002E+000  7.0683350978065562E+001
 7.5000000000000000E+000  7.4992216080867848E+001
 7.5500000000000007E+000  8.1361707652825672E+001
 7.6000000000000005E+000  8.9625310165111074E+001
 7.6500000000000004E+000  9.8440157766235757E+001
 7.7000000000000002E+000  1.0919876804562971E+002
 7.7500000000000000E+000  1.1937975014279272E+002
 7.8000000000000007E+000  1.2935627201252996E+002
 7.8500000000000005E+000  1.3614424123286952E+002
 7.9000000000000004E+000  1.4189573207133000E+002
 7.9500000000000002E+000  1.4732096705296470E+002
 8.0000000000000000E+000  1.5146274172080331E+002
 8.0500000000000007E+000  1.5519946920730115E+002
 8.0999999999999996E+000  1.5819736333334728E+002
 8.1500000000000004E+000  1.5778939349445116E+002
 8.2000000000000011E+000  1.5323166907669832E+002
 8.2500000000000000E+000  1.4873693919364777E+002
 8.3000000000000007E+000  1.4375775066021697E+002
 8.3499999999999996E+000  1.3878581127485313E+002
 8.4000000000000004E+000  1.3524313956960631E+002
 8.4500000000000011E+000  1.3352056483276786E+002
 8.5000000000000000E+000  1.3229475676967115E+002
 8.5500000000000007E+000  1.3385637632950400E+002
 8.5999999999999996E+000  1.3569911387126226E+002
 8.6500000000000004E+000  1.3415272283708401E+002
 8.7000000000000011E+000  1.2998885521972667E+002
 8.7500000000000000E+000  1.2331024062915709E+002
 8.8000000000000007E+000  1.1741172533334804E+002
 8.8499999999999996E+000  1.1169063203160775E+002
 8.9000000000000004E+000  1.0873242134242192E+002
 8.9500000000000011E+000  1.0712561500123375E+002
 9.0000000000000000E+000  1.0662649654626492E+002
 9.0500000000000007E+000  1.0412660961726866E+002
 9.0999999999999996E+000  9.9874950879274323E+001
 9.1500000000000004E+000  9.4757651980517437E+001
 9.2000000000000011E+000  8.8827686538585098E+001
 9.2500000000000000E+000  8.3531768401833318E+001
 9.3000000000000007E+000  7.9364592395060825E+001
 9.3499999999999996E+000  7.6311785550389047E+001
 9.4000000000000004E+000  7.3782612645456069E+001
 9.4500000000000011E+000  7.2397186025895152E+001
 9.5000000000000000E+000  7.1649860467862396E+001
 9.5500000000000007E+000  7.0568628391340951E+001
 9.6000000000000014E+000  6.9504204792547824E+001
 9.6500000000000004E+000  6.7805820383048570E+001
 9.7000000000000011E+000  6.6714893377804785E+001
 9.7500000000000000E+000  6.5084847800175822E+001
 9.8000000000000007E+000  6.3514246122581561E+001
 9.8500000000000014E+000  6.1859380054324198E+001
 9.9000000000000004E+000  6.0974067672641510E+001
 9.9500000000000011E+000  6.0843492519179755E+001
 1.0000000000000000E+001  6.0617619417910042E+001
 1.0050000000000001E+001  6.0556526271068350E+001
 1.0100000000000001E+001  6.0669491422096627E+001
 1.0150000000000000E+001  6.1147835260631375E+001
 1.0200000000000001E+001  6.1517839815407875E+001
 1.0250000000000000E+001  6.2125140068360082E+001
 1.0300000000000001E+001  6.2692571993870956E+001
 1.0350000000000001E+001  6.3896528205503877E+001
 1.0400000000000000E+001  6.6227082550424299E+001
 1.0450000000000001E+001  6.7219951085949035E+001
 1.0500000000000000E+001  6.7640229355426186E+001
 1.0550000000000001E+001  6.8176289602917507E+001
 1.0600000000000001E+001  7.0868628383134578E+001
 1.0650000000000000E+001  7.4397122290730294E+001
 1.0700000000000001E+001  7.9360127832567557E+001
 1.0750000000000000E+001  8.4852594079315040E+001
 1.0800000000000001E+001  8.9377303638633464E+001
 1.0850000000000001E+001  9.3032739912878526E+001
 1.0900000000000000E+001  9.5291839019331050E+001
 1.0950000000000001E+001  9.5798193857243589E+001
 1.1000000000000000E+001  9.2810597445833409E+001
 1.1050000000000001E+001  8.8220372700300828E+001
 1.1100000000000001E+001  8.3770793999756222E+001
 1.1150000000000000E+001  8.1443032808243046E+001
 1.1200000000000001E+001  8.1498207977436650E+001
 1.1250000000000000E+001  8.2567611438006978E+001
 1.1300000000000001E+001  8.4780523126203448E+001
 1.1350000000000001E+001  8.6032290530563770E+001
 1.1400000000000000E+001  8.5262947944224337E+001
 1.1450000000000001E+001  8.2864203758255627E+001
 1.1500000000000000E+001  8.0802262188190454E+001
 1.1550000000000001E+001  7.8663431770279288E+001
 1.1600000000000001E+001  7.6973920710080648E+001
 1.1650000000000000E+001  7.5716222828322998E+001
 1.1700000000000001E+001  7.5388637270315684E+001
 1.1750000000000000E+001  7.6608517514471330E+001
 1.1800000000000001E+001  7.9472696052400124E+001
 1.1850000000000001E+001  8.4101415853031625E+001
 1.1900000000000000E+001  8.8927771463851442E+001
 1.1950000000000001E+001  9.3725457787286018E+001
 1.2000000000000000E+001  9.7376014967504020E+001
 1.2050000000000001E+001  9.9725777245786432E+001
 1.2100000000000001E+001  9.9856009839895819E+001
 1.2150000000000000E+001  9.8133789586077569E+001
 1.2200000000000001E+001  9.4765166636430493E+001
 1.2250000000000000E+001  8.9426854846369068E+001
 1.2300000000000001E+001  8.4455374643931506E+001
 1.2350000000000001E+001  8.0796605933598073E+001
 1.2400000000000000E+001  7.7936061708910287E+001
 1.2450000000000001E+001  7.6858509868109905E+001
 1.2500000000000000E+001  7.6982975025599984E+001
 1.2550000000000001E+001  7.7975562554240781E+001
 1.2600000000000001E+001  7.9616064677380265E+001
 1.2650000000000000E+001  8.0989583242898846E+001
 1.2700000000000001E+001  8.1722659428271115E+001
 1.2750000000000000E+001  8.1311478725632199E+001
 1.2800000000000001E+001  7.9780122306431053E+001
 1.2850000000000001E+001  7.8406316665666722E+001
 1.2900000000000000E+001  7.6613175140713281E+001
 1.2950000000000001E+001  7.5497165318177366E+001
 1.3000000000000000E+001  7.4767479123270718E+001
 1.3050000000000001E+001  7.3650282830761000E+001
 1.3100000000000001E+001  7.1937094952901575E+001
 1.3150000000000000E+001  7.0477752419367690E+001
 1.3200000000000001E+001  6.9632659054012692E+001
 1.3250000000000000E+001  6.8986566574848496E+001
 1.3300000000000001E+001  6.8797278908839672E+001
 1.3350000000000001E+001  6.9448249801859532E+001
 1.3400000000000000E+001  7.0354633943769528E+001
 1.3450000000000001E+001  7.0440669670693723E+001
 1.3500000000000000E+001  7.0939964038548467E+001
 1.3550000000000001E+001  7.1254061738278409E+001
 1.3600000000000001E+001  7.0217290821477590E+001
 1.3650000000000000E+001  6.8355183016442368E+001
 1.3700000000000001E+001  6.7447103598183929E+001
 1.3750000000000000E+001  6.7059132846674117E+001
 1.3800000000000001E+001  6.8100434243649033E+001
 1.3850000000000001E+001  6.9750882467756796E+001
 1.3900000000000000E+001  7.1926016851842817E+001
 1.3950000000000001E+001  7.3631961140586967E+001
 1.4000000000000000E+001  7.4836720329212142E+001
 1.4050000000000001E+001  7.5352581131266845E+001
 1.4100000000000001E+001  7.4881653678773418E+001
 1.4150000000000000E+001  7.2895238320594686E+001
 1.4200000000000001E+001  7.1162928384026372E+001
 1.4250000000000000E+001  6.9584621575351463E+001
 1.4300000000000001E+001  6.8407202855358378E+001
 1.4350000000000001E+001  6.7882799110967440E+001
 1.4400000000000000E+001  6.7538723766779427E+001
 1.4450000000000001E+001  6.7234488272619160E+001
 1.4500000000000000E+001  6.6502065805626842E+001
 1.4550000000000001E+001  6.5875353588267529E+001
 1.4600000000000001E+001  6.5714830130881950E+001
 1.4650000000000000E+001  6.4895752934344927E+001
 1.4700000000000001E+001  6.4915225438677254E+001
 1.4750000000000000E+001  6.5115285094340351E+001
 1.4800000000000001E+001  6.4955267872929483E+001
 1.4850000000000001E+001  6.4999600307582384E+001
 1.4900000000000000E+001  6.5374059762165118E+001
 1.4950000000000001E+001  6.5792823485965627E+001
 1.5000000000000000E+001  6.6456340090876893E+001
 1.5050000000000001E+001  6.6579402160579832E+001
 1.5100000000000001E+001  6.6985329155939567E+001
 1.5150000000000000E+001  6.6409710020981265E+001
 1.5200000000000001E+001  6.5610859145555253E+001
 1.5250000000000000E+001  6.4877407905529310E+001
 1.5300000000000001E+001  6.4034676716069313E+001
 1.5350000000000001E+001  6.4184676362339943E+001
 1.5400000000000000E+001  6.4139824294838562E+001
 1.5450000000000001E+001  6.3906595021562396E+001
 1.5500000000000000E+001  6.3616420211798491E+001
 1.5550000000000001E+001  6.3503367453536157E+001
 1.5600000000000001E+001  6.3650880027296310E+001
 1.5650000000000000E+001  6.3226400372933647E+001
 1.5700000000000001E+001  6.2702560571655262E+001
 1.5750000000000000E+001  6.2135457844894205E+001
 1.5800000000000001E+001  6.1286767001902554E+001
 1.5850000000000001E+001  6.0601440621770593E+001
 1.5900000000000000E+001  5.9778141539377934E+001
 1.5950000000000001E+001  5.9974805719899081E+001
 1.6000000000000000E+001  5.9679913310128285E+001
 1.6050000000000001E+001  6.0136626417626786E+001
 1.6100000000000001E+001  6.0710730341434086E+001
 1.6150000000000002E+001  6.0788331668387244E+001
 1.6199999999999999E+001  6.0961568499428431E+001
 1.6250000000000000E+001  6.1066282003658124E+001
 1.6300000000000001E+001  6.1003161113234896E+001
 1.6350000000000001E+001  6.1336823536082420E+001
 1.6400000000000002E+001  6.1943780021558183E+001
 1.6449999999999999E+001  6.2563512801311866E+001
 1.6500000000000000E+001  6.2756387178375746E+001
 1.6550000000000001E+001  6.3700868325300775E+001
 1.6600000000000001E+001  6.4294351225125666E+001
 1.6650000000000002E+001  6.5193004896872807E+001
 1.6699999999999999E+001  6.6068001801281270E+001
 1.6750000000000000E+001  6.6562922840310705E+001
 1.6800000000000001E+001  6.6518665655470457E+001
 1.6850000000000001E+001  6.6025079732427869E+001
 1.6900000000000002E+001  6.5230257243365216E+001
 1.6949999999999999E+001  6.4405383720709068E+001
 1.7000000000000000E+001  6.4148979041301757E+001
 1.7050000000000001E+001  6.3592182361698114E+001
 1.7100000000000001E+001  6.3570577011097612E+001
 1.7150000000000002E+001  6.4311997058100644E+001
 1.7199999999999999E+001  6.4355239532614178E+001
 1.7250000000000000E+001  6.4534850917130882E+001
 1.7300000000000001E+001  6.5382611172000694E+001
 1.7350000000000001E+001  6.6239625291002980E+001
 1.7400000000000002E+001  6.6329582622204654E+001
 1.7449999999999999E+001  6.6946643872141252E+001
 1.7500000000000000E+001  6.7772037230954609E+001
 1.7550000000000001E+001  6.8738113843001855E+001
 1.7600000000000001E+001  6.8851308139505591E+001
 1.7650000000000002E+001  6.8179177243864729E+001
 1.7699999999999999E+001  6.7899515822191162E+001
 1.7750000000000000E+001  6.7811726642129187E+001
 1.7800000000000001E+001  6.7870632371127314E+001
 1.7850000000000001E+001  6.8478020615336462E+001
 1.7900000000000002E+001  6.8618542184643800E+001
 1.7949999999999999E+001  6.8255592093188653E+001
 1.8000000000000000E+001  6.7779357737212251E+001
 1.8050000000000001E+001  6.6975636758595442E+001
 1.8100000000000001E+001  6.6608822445153265E+001
 1.8150000000000002E+001  6.6373168770119719E+001
 1.8199999999999999E+001  6.6783421434177583E+001
 1.8250000000000000E+001  6.7316096135018299E+001
 1.8300000000000001E+001  6.7456200614086697E+001
 1.8350000000000001E+001  6.7719423613052086E+001
 1.8400000000000002E+001  6.8482292888020183E+001
 1.8449999999999999E+001  6.9171363907960952E+001
 1.8500000000000000E+001  6.9470593978709431E+001
 1.8550000000000001E+001  6.9779103471437793E+001
 1.8600000000000001E+001  7.0626765507596076E+001
 1.8650000000000002E+001  7.0361845144696488E+001
 1.8699999999999999E+001  6.9568185629006024E+001
 1.8750000000000000E+001  6.9206423176999394E+001
 1.8800000000000001E+001  6.8613059374366202E+001
 1.8850000000000001E+001  6.8643986764891210E+001
 1.8900000000000002E+001  6.8268680018133836E+001
 1.8949999999999999E+001  6.8320219215056866E+001
 1.9000000000000000E+001  6.8414213453585191E+001
 1.9050000000000001E+001  6.8084775301866358E+001
 1.9100000000000001E+001  6.7362271428792937E+001
 1.9150000000000002E+001  6.7708220032931649E+001
 1.9200000000000003E+001  6.7774720702831132E+001
 1.9250000000000000E+001  6.8167980187580881E+001
 1.9300000000000001E+001  6.8602401344116018E+001
 1.9350000000000001E+001  6.8386098138924922E+001
 1.9400000000000002E+001  6.8130658897787356E+001
 1.9450000000000003E+001  6.8368288950758696E+001
 1.9500000000000000E+001  6.8663623799536609E+001
 1.9550000000000001E+001  6.8426735096932873E+001
 1.9600000000000001E+001  6.8111235587109093E+001
 1.9650000000000002E+001  6.8306363543503750E+001
 1.9700000000000003E+001  6.8505038059047365E+001
 1.9750000000000000E+001  6.8422045961385635E+001
 1.9800000000000001E+001  6.8516323654729561E+001
 1.9850000000000001E+001  6.8208689396129245E+001
 1.9900000000000002E+001  6.7904183752058898E+001
 1.9950000000000003E+001  6.7494033198507410E+001
 2.0000000000000000E+001  6.6760847733901016E+001
 2.0050000000000001E+001  6.6774419647749980E+001
 2.0100000000000001E+001  6.6796445841692005E+001
 2.0150000000000002E+001  6.7181099201317792E+001
 2.0200000000000003E+001  6.7193633889917109E+001
 2.0250000000000000E+001  6.7028094780586557E+001
 2.0300000000000001E+001  6.7388898045138063E+001
 2.0350000000000001E+001  6.7260636422411650E+001
 2.0400000000000002E+001  6.6823613313455255E+001
 2.0450000000000003E+001  6.6143878344674448E+001
 2.0500000000000000E+001  6.6452770324194873E+001
 2.0550000000000001E+001  6.6603525819464863E+001
 2.0600000000000001E+001  6.6760229290362915E+001
 2.0650000000000002E+001  6.7221380688165539E+001
 2.0700000000000003E+001  6.8010994164261106E+001
 2.0750000000000000E+001  6.8548733309372523E+001
 2.0800000000000001E+001  6.8722520778609081E+001
 2.0850000000000001E+001  6.9118280421938394E+001
 2.0900000000000002E+001  6.9628678046103701E+001
 2.0950000000000003E+001  6.9418137627628013E+001
 2.1000000000000000E+001  6.9904651288016282E+001
 2.1050000000000001E+001  7.0415294439742055E+001
 2.1100000000000001E+001  7.0804408357870557E+001
 2.1150000000000002E+001  7.1583665619231652E+001
 2.1200000000000003E+001  7.1290045112375893E+001
 2.1250000000000000E+001  7.1119767783858151E+001
 2.1300000000000001E+001  7.0619935564743940E+001
 2.1350000000000001E+001  7.0004631161792815E+001
 2.1400000000000002E+001  6.9656309551446640E+001
 2.1450000000000003E+001  6.8915460623158324E+001
 2.1500000000000000E+001  6.8222351826133277E+001
 2.1550000000000001E+001  6.8199185973202987E+001
 2.1600000000000001E+001  6.8473239952030511E+001
 2.1650000000000002E+001  6.8743740272855490E+001
 2.1700000000000003E+001  6.8706302384229517E+001
 2.1750000000000000E+001  6.8884714338880400E+001
 2.1800000000000001E+001  6.8533553327412832E+001
 2.1850000000000001E+001  6.8034800661389113E+001
 2.1900000000000002E+001  6.7628873163851708E+001
 2.1950000000000003E+001  6.7228845175844612E+001
 2.2000000000000000E+001  6.6988552327537889E+001
 2.2050000000000001E+001  6.6684433618784169E+001
 2.2100000000000001E+001  6.5956837700112914E+001
 2.2150000000000002E+001  6.6024817320131220E+001
 2.2200000000000003E+001  6.6078669039692485E+001
 2.2250000000000000E+001  6.5591546320511085E+001
 2.2300000000000001E+001  6.5799061673187552E+001
 2.2350000000000001E+001  6.5644659940376073E+001
 2.2400000000000002E+001  6.4961500363412938E+001
 2.2450000000000003E+001  6.4394791639679411E+001
 2.2500000000000000E+001  6.4090636078939681E+001
 2.2550000000000001E+001  6.4064320416973715E+001
 2.2600000000000001E+001  6.3580240643208214E+001
 2.2650000000000002E+001  6.3411762269521262E+001
 2.2700000000000003E+001  6.3006822583519465E+001
 2.2750000000000000E+001  6.2647072375969600E+001
 2.2800000000000001E+001  6.2574684325676422E+001
 2.2850000000000001E+001  6.2277514048238757E+001
 2.2900000000000002E+001  6.1916101228186214E+001
 2.2950000000000003E+001  6.1338308627653198E+001
 2.3000000000000000E+001  6.1047126998638873E+001
 2.3050000000000001E+001  6.0551416150891143E+001
 2.3100000000000001E+001  6.0099882896165546E+001
 2.3150000000000002E+001  5.9827284425170966E+001
 2.3200000000000003E+001  5.9460872775193216E+001
 2.3250000000000000E+001  5.9230646761165289E+001
 2.3300000000000001E+001  5.9092423312144497E+001
 2.3350000000000001E+001  5.8811672286671950E+001
 2.3400000000000002E+001  5.8610292941878726E+001
 2.3450000000000003E+001  5.8339355152378843E+001
 2.3500000000000000E+001  5.8739682597123533E+001
 2.3550000000000001E+001  5.8383102744794037E+001
 2.3600000000000001E+001  5.7732664791566535E+001
 2.3650000000000002E+001  5.7191513897760643E+001
 2.3700000000000003E+001  5.7515938271642611E+001
 2.3750000000000000E+001  5.7452124948868033E+001
 2.3800000000000001E+001  5.7227438127461724E+001
 2.3850000000000001E+001  5.6906702892639942E+001
 2.3900000000000002E+001  5.6459987157422638E+001
 2.3950000000000003E+001  5.6764668082410751E+001
 2.4000000000000000E+001  5.6856516142276696E+001
 2.4050000000000001E+001  5.6870791499240930E+001
 2.4100000000000001E+001  5.6439809459933386E+001
 2.4150000000000002E+001  5.5959966189655653E+001
 2.4200000000000003E+001  5.6119555128820927E+001
 2.4250000000000000E+001  5.5958383795610530E+001
 2.4300000000000001E+001  5.5928218476234960E+001
 2.4350000000000001E+001  5.5206053363659144E+001
 2.4400000000000002E+001  5.5185702468158787E+001
 2.4450000000000003E+001  5.4953275530782882E+001
 2.4500000000000000E+001  5.4846207115727708E+001
 2.4550000000000001E+001  5.4807702337881928E+001
 2.4600000000000001E+001  5.4254709801974570E+001
 2.4650000000000002E+001  5.3926599892619286E+001
 2.4700000000000003E+001  5.3652547692013592E+001
 2.4750000000000000E+001  5.3446241755791320E+001
 2.4800000000000001E+001  5.3096493727848319E+001
 2.4850000000000001E+001  5.2762295622392564E+001
 2.4900000000000002E+001  5.2353153236012425E+001
 2.4950000000000003E+001  5.2146217970372042E+001
 2.5000000000000000E+001  5.2322456153804950E+001
 2.5050000000000001E+001  5.2030230540892639E+001
 2.5100000000000001E+001  5.1735093674902913E+001
 2.5150000000000002E+001  5.1644981148516102E+001
 2.5200000000000003E+001  5.1092673357205953E+001
 2.5250000000000000E+001  5.1217332056316927E+001
 2.5300000000000001E+001  5.1194070081960660E+001
 2.5350000000000001E+001  5.1552667343637395E+001
 2.5400000000000002E+001  5.1529195062183618E+001
 2.5450000000000003E+001  5.1102058950911079E+001
 2.5500000000000000E+001  5.1201358030104501E+001
 2.5550000000000001E+001  5.0791211393694155E+001
 2.5600000000000001E+001  5.0515722300143103E+001
 2.5650000000000002E+001  5.0472351406890255E+001
 2.5700000000000003E+001  5.0009855493519645E+001
 2.5750000000000000E+001  4.9724316208588242E+001
 2.5800000000000001E+001  4.9450274322633724E+001
 2.5850000000000001E+001  4.9361103738546163E+001
 2.5900000000000002E+001  4.9435545970459749E+001
 2.5950000000000003E+001  4.9266107759810318E+001
 2.6000000000000000E+001  4.9351296200924693E+001
 2.6050000000000001E+001  4.8808305745097151E+001
 2.6100000000000001E+001  4.8439243882519705E+001
 2.6150000000000002E+001  4.8324859792900497E+001
 2.6200000000000003E+001  4.8209120796084129E+001
 2.6250000000000000E+001  4.7865189866159753E+001
 2.6300000000000001E+001  4.7924862130721351E+001
 2.6350000000000001E+001  4.7536423293369602E+001
 2.6400000000000002E+001  4.7417044723628152E+001
 2.6450000000000003E+001  4.7014837883987866E+001
 2.6500000000000000E+001  4.6804401213864658E+001
 2.6550000000000001E+001  4.6559038732071485E+001
 2.6600000000000001E+001  4.6860038639573247E+001
 2.6650000000000002E+001  4.6590209807674697E+001
 2.6700000000000003E+001  4.6501131843172210E+001
 2.6750000000000000E+001  4.6277648755378095E+001
 2.6800000000000001E+001  4.5979587847221460E+001
 2.6850000000000001E+001  4.5824514838553718E+001
 2.6900000000000002E+001  4.5802480863984186E+001
 2.6950000000000003E+001  4.5668567647517747E+001
 2.7000000000000000E+001  4.5402602540091173E+001
 2.7050000000000001E+001  4.5499277766561981E+001
 2.7100000000000001E+001  4.5106084126543649E+001
 2.7150000000000002E+001  4.5001906176348520E+001
 2.7200000000000003E+001  4.4903959085593883E+001
 2.7250000000000000E+001  4.4653547039980232E+001
 2.7300000000000001E+001  4.4642963782954283E+001
 2.7350000000000001E+001  4.4636102531641043E+001
 2.7400000000000002E+001  4.4375872724207852E+001
 2.7450000000000003E+001  4.4134771029269601E+001
 2.7500000000000000E+001  4.3841746024716016E+001
 2.7550000000000001E+001  4.3791143585973643E+001
 2.7600000000000001E+001  4.3913888697030806E+001
 2.7650000000000002E+001  4.3325482087672199E+001
 2.7700000000000003E+001  4.3074020143080730E+001
 2.7750000000000000E+001  4.2982858105620132E+001
 2.7800000000000001E+001  4.2957407527626067E+001
 2.7850000000000001E+001  4.3139337918889417E+001
 2.7900000000000002E+001  4.2913794325697040E+001
 2.7950000000000003E+001  4.2526063447617133E+001
 2.8000000000000000E+001  4.2743427017953046E+001
 2.8050000000000001E+001  4.2868763895771338E+001
 2.8100000000000001E+001  4.2536497937918227E+001
 2.8150000000000002E+001  4.2227592091435724E+001
 2.8200000000000003E+001  4.1893860532043782E+001
 2.8250000000000000E+001  4.1815507608731380E+001
 2.8300000000000001E+001  4.1787611253320868E+001
 2.8350000000000001E+001  4.1693237165210924E+001
 2.8400000000000002E+001  4.1622546110897410E+001
 2.8450000000000003E+001  4.1572773518085242E+001
 2.8500000000000000E+001  4.1334728852557248E+001
 2.8550000000000001E+001  4.0708493655613140E+001
 2.8600000000000001E+001  4.0824352796322522E+001
 2.8650000000000002E+001  4.0780744597602890E+001
 2.8700000000000003E+001  4.0385100433994694E+001
 2.8750000000000000E+001  4.0128134592560066E+001
 2.8800000000000001E+001  4.0084851031651581E+001
 2.8850000000000001E+001  4.0332835925757465E+001
 2.8900000000000002E+001  4.0307561057066302E+001
 2.8950000000000003E+001  4.0146932804891534E+001
 2.9000000000000000E+001  3.9723847240369061E+001
 2.9050000000000001E+001  3.9894339233341611E+001
 2.9100000000000001E+001  4.0001463170024799E+001
 2.9150000000000002E+001  4.0058214531885810E+001
 2.9200000000000003E+001  4.0149644822312247E+001
 2.9250000000000000E+001  3.9819696289060971E+001
 2.9300000000000001E+001  3.9759071164201210E+001
 2.9350000000000001E+001  4.0055564272175836E+001
 2.9400000000000002E+001  3.9856235729145077E+001
 2.9450000000000003E+001  3.9467851242880251E+001
 2.9500000000000000E+001  3.9114034057610837E+001
 2.9550000000000001E+001  3.8987965525673040E+001
 2.9600000000000001E+001  3.9028544031573716E+001
 2.9650000000000002E+001  3.8847464054758738E+001
 2.9700000000000003E+001  3.9289823694130142E+001
 2.9750000000000000E+001  3.9618397869751355E+001
 2.9800000000000001E+001  3.9139167475796427E+001
 2.9850000000000001E+001  3.8981482503057052E+001
 2.9900000000000002E+001  3.9217131166815420E+001
 2.9950000000000003E+001  3.8857636662144913E+001
 3.0000000000000000E+001  3.8825982947964782E+001
 3.0050000000000001E+001  3.8651802771702293E+001
 3.0100000000000001E+001  3.8634498437795287E+001
 3.0150000000000002E+001  3.8533148788293914E+001
 3.0200000000000003E+001  3.8887032823947884E+001
 3.0250000000000000E+001  3.9060112974111732E+001
 3.0300000000000001E+001  3.9202938578627410E+001
 3.0350000000000001E+001  3.8818149768479806E+001
 3.0400000000000002E+001  3.9147123759826854E+001
 3.0450000000000003E+001  3.9354707332275439E+001
 3.0500000000000000E+001  3.9090586920877755E+001
 3.0550000000000001E+001  3.8826757543232659E+001
 3.0600000000000001E+001  3.8449711999308640E+001
 3.0650000000000002E+001  3.8271326613426119E+001
 3.0700000000000003E+001  3.8300225185534757E+001
 3.0750000000000000E+001  3.8791557978168569E+001
 3.0800000000000001E+001  3.9141710795190406E+001
 3.0850000000000001E+001  3.8989379025098927E+001
 3.0900000000000002E+001  3.9050360145423461E+001
 3.0950000000000003E+001  3.8711823763127036E+001
 3.1000000000000000E+001  3.9026284572667628E+001
 3.1050000000000001E+001  3.9116566053037310E+001
 3.1100000000000001E+001  3.8989682538655885E+001
 3.1150000000000002E+001  3.9481958356990951E+001
 3.1200000000000003E+001  3.9228923414464269E+001
 3.1250000000000000E+001  3.9116724913438148E+001
 3.1300000000000001E+001  3.9301298651468315E+001
 3.1350000000000001E+001  3.9060479693960787E+001
 3.1400000000000002E+001  3.8507720477696090E+001
 3.1450000000000003E+001  3.9049288470686918E+001
 3.1500000000000000E+001  3.9529712358458994E+001
 3.1550000000000001E+001  3.9758261818072945E+001
 3.1600000000000001E+001  3.9350125333058038E+001
 3.1650000000000002E+001  3.9380705141236263E+001
 3.1700000000000003E+001  3.9511339840801504E+001
 3.1750000000000000E+001  3.9778745598674242E+001
 3.1800000000000001E+001  3.9763253366198626E+001
 3.1850000000000001E+001  4.0165629603993438E+001
 3.1900000000000002E+001  3.9971713132874243E+001
 3.1950000000000003E+001  3.9981955374226345E+001
 3.2000000000000000E+001  3.9946315540019278E+001
 3.2050000000000004E+001  3.9968918636097804E+001
 3.2100000000000001E+001  3.9955266167099715E+001
 3.2149999999999999E+001  3.9694564652156835E+001
 3.2200000000000003E+001  3.9585421151254565E+001
 3.2250000000000000E+001  4.0274003717300644E+001
 3.2300000000000004E+001  4.0742573676424001E+001
 3.2350000000000001E+001  4.0524986560650646E+001
 3.2399999999999999E+001  4.0365183385253488E+001
 3.2450000000000003E+001  4.0131315254925262E+001
 3.2500000000000000E+001  4.0064240993189749E+001
 3.2550000000000004E+001  3.9899665542225961E+001
 3.2600000000000001E+001  3.9689945350622914E+001
 3.2649999999999999E+001  3.9432343740859260E+001
 3.2700000000000003E+001  3.9949206493311870E+001
 3.2750000000000000E+001  3.9815388456919912E+001
 3.2800000000000004E+001  3.9534814641651828E+001
 3.2850000000000001E+001  3.9438478684720963E+001
 3.2899999999999999E+001  3.9225346751286700E+001
 3.2950000000000003E+001  3.9409657782373415E+001
 3.3000000000000000E+001  3.9697027854364528E+001
 3.3050000000000004E+001  3.9155448992434337E+001
 3.3100000000000001E+001  3.9417625436135367E+001
 3.3149999999999999E+001  3.9592239897859535E+001
 3.3200000000000003E+001  3.9520009049854131E+001
 3.3250000000000000E+001  3.9173369892538943E+001
 3.3300000000000004E+001  3.8872166712708527E+001
 3.3350000000000001E+001  3.9043347962365168E+001
 3.3399999999999999E+001  3.9265434837142905E+001
 3.3450000000000003E+001  3.8767050634722587E+001
 3.3500000000000000E+001  3.8719350794981978E+001
 3.3550000000000004E+001  3.8567253882976118E+001
 3.3600000000000001E+001  3.8822726607313420E+001
 3.3649999999999999E+001  3.8832553903911105E+001
 3.3700000000000003E+001  3.9177295582570736E+001
 3.3750000000000000E+001  3.9078517697379340E+001
 3.3800000000000004E+001  3.8628757954246225E+001
 3.3850000000000001E+001  3.8536460813135882E+001
 3.3899999999999999E+001  3.8388473838694814E+001
 3.3950000000000003E+001  3.8554507914809101E+001
 3.4000000000000000E+001  3.8535268686008003E+001
 3.4050000000000004E+001  3.8377296445715793E+001
 3.4100000000000001E+001  3.8429122548369797E+001
 3.4149999999999999E+001  3.8222141807585793E+001
 3.4200000000000003E+001  3.8098234245814155E+001
 3.4250000000000000E+001  3.7660943710978245E+001
 3.4300000000000004E+001  3.7483313834150465E+001
 3.4350000000000001E+001  3.7805606241558287E+001
 3.4399999999999999E+001  3.7812277545865527E+001
 3.4450000000000003E+001  3.7541692148385302E+001
 3.4500000000000000E+001  3.7270958043782898E+001
 3.4550000000000004E+001  3.7791066932274703E+001
 3.4600000000000001E+001  3.7893886567433547E+001
 3.4649999999999999E+001  3.7715946611304219E+001
 3.4700000000000003E+001  3.7464443040347518E+001
 3.4750000000000000E+001  3.7836909357359232E+001
 3.4800000000000004E+001  3.7312918498281718E+001
 3.4850000000000001E+001  3.7455183233341096E+001
 3.4899999999999999E+001  3.7464017334200875E+001
 3.4950000000000003E+001  3.7399833717711758E+001
 3.5000000000000000E+001  3.7643600274843301E+001
 3.5050000000000004E+001  3.7662488549675288E+001
 3.5100000000000001E+001  3.7126770518079880E+001
 3.5149999999999999E+001  3.6905802602803398E+001
 3.5200000000000003E+001  3.6905310080977372E+001
 3.5250000000000000E+001  3.7243939648742682E+001
 3.5300000000000004E+001  3.7131738540927223E+001
 3.5350000000000001E+001  3.6350435759160185E+001
 3.5399999999999999E+001  3.5937015799869627E+001
 3.5450000000000003E+001  3.6534454273423613E+001
 3.5500000000000000E+001  3.6332233930223062E+001
 3.5550000000000004E+001  3.6710995664928568E+001
 3.5600000000000001E+001  3.6861379131356266E+001
 3.5649999999999999E+001  3.6871545915744427E+001
 3.5700000000000003E+001  3.6457274203147648E+001
 3.5750000000000000E+001  3.6075551869149365E+001
 3.5800000000000004E+001  3.6276449247966184E+001
 3.5850000000000001E+001  3.6397988156463171E+001
 3.5899999999999999E+001  3.5996618147049340E+001
 3.5950000000000003E+001  3.5885513594071320E+001
 3.6000000000000000E+001  3.5468458919410466E+001
 3.6050000000000004E+001  3.5842856294273211E+001
 3.6100000000000001E+001  3.5965299547923799E+001
 3.6149999999999999E+001  3.5870266536305778E+001
 3.6200000000000003E+001  3.5624147388582074E+001
 3.6250000000000000E+001  3.5141709387838887E+001
 3.6300000000000004E+001  3.5027999571474020E+001
 3.6350000000000001E+001  3.4981749596533895E+001
 3.6399999999999999E+001  3.4853058064155299E+001
 3.6450000000000003E+001  3.5172361359589729E+001
 3.6500000000000000E+001  3.5410609491253396E+001
 3.6550000000000004E+001  3.5205974953917227E+001
 3.6600000000000001E+001  3.5191476583860783E+001
 3.6649999999999999E+001  3.5734938755719440E+001
 3.6700000000000003E+001  3.5904943284943897E+001
 3.6750000000000000E+001  3.5525295415588459E+001
 3.6800000000000004E+001  3.5496319078759264E+001
 3.6850000000000001E+001  3.5728323471795406E+001
 3.6899999999999999E+001  3.5320293753332905E+001
 3.6950000000000003E+001  3.5639202133450979E+001
 3.7000000000000000E+001  3.5131126022772293E+001
 3.7050000000000004E+001  3.4597478001332945E+001
 3.7100000000000001E+001  3.5129729341013316E+001
 3.7149999999999999E+001  3.5181548763016970E+001
 3.7200000000000003E+001  3.5072522634249758E+001
 3.7250000000000000E+001  3.4596717459037222E+001
 3.7300000000000004E+001  3.4031476494104894E+001
 3.7350000000000001E+001  3.4058340947740355E+001
 3.7399999999999999E+001  3.3919945135581834E+001
 3.7450000000000003E+001  3.4234157961336081E+001
 3.7500000000000000E+001  3.4233692585764977E+001
 3.7550000000000004E+001  3.4029237140721058E+001
 3.7600000000000001E+001  3.4487293093008688E+001
 3.7649999999999999E+001  3.4339513694633951E+001
 3.7700000000000003E+001  3.4133230168412410E+001
 3.7750000000000000E+001  3.3355677816880643E+001
 3.7800000000000004E+001  3.3334632694523620E+001
 3.7850000000000001E+001  3.3404859226676606E+001
 3.7899999999999999E+001  3.3787926605597505E+001
 3.7950000000000003E+001  3.3643697902078770E+001
 3.8000000000000000E+001  3.3939600466164777E+001
 3.8050000000000004E+001  3.4304137352043327E+001
 3.8100000000000001E+001  3.3682872311259516E+001
 3.8149999999999999E+001  3.3808609723113328E+001
 3.8200000000000003E+001  3.4091475012029470E+001
 3.8250000000000000E+001  3.3522748052339089E+001
 3.8300000000000004E+001  3.3482449779886629E+001
 3.8350000000000001E+001  3.3544792983044694E+001
 3.8400000000000006E+001  3.3263812689956929E+001
 3.8450000000000003E+001  3.3238302608262757E+001
 3.8500000000000000E+001  3.3400907937998085E+001
 3.8550000000000004E+001  3.2580972769066321E+001
 3.8600000000000001E+001  3.3212757168175422E+001
 3.8650000000000006E+001  3.3985384331612842E+001
 3.8700000000000003E+001  3.3951514250357583E+001
 3.8750000000000000E+001  3.3339009287441961E+001
 3.8800000000000004E+001  3.2672003947835236E+001
 3.8850000000000001E+001  3.2596798173902719E+001
 3.8900000000000006E+001  3.3216384666974022E+001
 3.8950000000000003E+001  3.3612814550747984E+001
 3.9000000000000000E+001  3.2773343642252918E+001
 3.9050000000000004E+001  3.2791449153435615E+001
 3.9100000000000001E+001  3.2464174240003786E+001
 3.9150000000000006E+001  3.1909310581924355E+001
 3.9200000000000003E+001  3.2094534633707745E+001
 3.9250000000000000E+001  3.2161817237791496E+001
 3.9300000000000004E+001  3.2666336606791930E+001
 3.9350000000000001E+001  3.1533243061427445E+001
 3.9400000000000006E+001  3.1431233222834152E+001
 3.9450000000000003E+001  3.2081607868105003E+001
 3.9500000000000000E+001  3.2173223240373119E+001
 3.9550000000000004E+001  3.2838096112200411E+001
 3.9600000000000001E+001  3.2812040404142572E+001
 3.9650000000000006E+001  3.2281585123921566E+001
 3.9700000000000003E+001  3.2728252352899894E+001
 3.9750000000000000E+001  3.2215733294869260E+001
 3.9800000000000004E+001  3.2375556781926988E+001
 3.9850000000000001E+001  3.1372131826436057E+001
 3.9900000000000006E+001  3.1043651580023763E+001
 3.9950000000000003E+001  3.0496340427685301E+001
 4.0000000000000000E+001  3.0353354991861423E+001
 4.0050000000000004E+001  3.1446659489731616E+001
 4.0100000000000001E+001  3.2499619279085010E+001
 4.0150000000000006E+001  3.2430773929821441E+001
 4.0200000000000003E+001  3.1373595514549063E+001
 4.0250000000000000E+001  3.2011907625654324E+001
 4.0300000000000004E+001  3.1292398988574103E+001
 4.0350000000000001E+001  3.1109881060434713E+001
 4.0400000000000006E+001  3.0547296498385474E+001
 4.0450000000000003E+001  3.1457017409356489E+001
 4.0500000000000000E+001  3.1465290551226637E+001
 4.0550000000000004E+001  3.1000692427891295E+001
 4.0600000000000001E+001  3.1013142727369278E+001
 4.0650000000000006E+001  3.1155056777804880E+001
 4.0700000000000003E+001  3.2221627583643027E+001
 4.0750000000000000E+001  3.0936152852158809E+001
 4.0800000000000004E+001  3.1203675660785894E+001
 4.0850000000000001E+001  3.2048796734856637E+001
 4.0900000000000006E+001  3.1706630103833863E+001
 4.0950000000000003E+001  3.0532533456867078E+001
 4.1000000000000000E+001  3.4879811362679476E+001
 4.1050000000000004E+001  3.2076082311018475E+001
 4.1100000000000001E+001  3.4002076188238853E+001
 4.1150000000000006E+001  3.2725857524777020E+001
 4.1200000000000003E+001  3.2831278438535527E+001
 4.1250000000000000E+001  4.1539790953488556E+001
