 2.4000000000000004E+000  1.3903428198786020E+001
 2.4500000000000002E+000  1.2952221087514172E+001
 2.5000000000000000E+000  1.3849071977056711E+001
 2.5500000000000003E+000  1.4445470003431737E+001
 2.6000000000000001E+000  1.5776357128670927E+001
 2.6500000000000004E+000  1.7810734244809936E+001
 2.7000000000000002E+000  2.2545056040036112E+001
 2.7500000000000000E+000  3.7374180505168866E+001
 2.8000000000000003E+000  8.6507908855010697E+001
 2.8500000000000001E+000  1.8658058650276647E+002
 2.9000000000000004E+000  2.9723884524260433E+002
 2.9500000000000002E+000  4.2497384411015270E+002
 3.0000000000000000E+000  5.6232236209075938E+002
 3.0500000000000003E+000  6.4579590660458496E+002
 3.1000000000000001E+000  6.5347351891982873E+002
 3.1500000000000004E+000  5.6705570813799079E+002
 3.2000000000000002E+000  4.2985910618400419E+002
 3.2500000000000000E+000  3.2692289752435670E+002
 3.3000000000000003E+000  2.6765966945358639E+002
 3.3500000000000001E+000  2.3707015723064848E+002
 3.4000000000000004E+000  2.2823390654579012E+002
 3.4500000000000002E+000  2.3762061554939422E+002
 3.5000000000000000E+000  2.7172698149561427E+002
 3.5500000000000003E+000  3.1067365462693169E+002
 3.6000000000000001E+000  3.1217280267497796E+002
 3.6500000000000004E+000  2.7026227561696084E+002
 3.7000000000000002E+000  2.2358909531938147E+002
 3.7500000000000000E+000  1.9230834337536993E+002
 3.8000000000000003E+000  1.8040092099462356E+002
 3.8500000000000001E+000  1.7990796271397554E+002
 3.9000000000000004E+000  1.9891117872000856E+002
 3.9500000000000002E+000  2.0011079770468294E+002
 4.0000000000000000E+000  1.7708887500200225E+002
 4.0499999999999998E+000  1.4083758706544481E+002
 4.1000000000000005E+000  1.0600424358811203E+002
 4.1500000000000004E+000  7.9777919484139048E+001
 4.2000000000000002E+000  6.2054259486284678E+001
 4.2500000000000000E+000  5.0142972822823268E+001
 4.2999999999999998E+000  4.2024244945736093E+001
 4.3500000000000005E+000  3.5674533043047838E+001
 4.4000000000000004E+000  3.3473523027467508E+001
 4.4500000000000002E+000  3.3492647996733915E+001
 4.5000000000000000E+000  3.3955294451300077E+001
 4.5499999999999998E+000  3.5059266656767861E+001
 4.6000000000000005E+000  3.7276262035504693E+001
 4.6500000000000004E+000  4.0277800870606953E+001
 4.7000000000000002E+000  4.3044944463573600E+001
 4.7500000000000000E+000  4.5706373801537978E+001
 4.8000000000000007E+000  4.8830059738393288E+001
 4.8500000000000005E+000  5.2749259242781115E+001
 4.9000000000000004E+000  5.3683060556600971E+001
 4.9500000000000002E+000  5.1821781048867571E+001
 5.0000000000000000E+000  4.9509257087773868E+001
 5.0500000000000007E+000  4.9072632992373009E+001
 5.1000000000000005E+000  5.2737864774632953E+001
 5.1500000000000004E+000  6.0192479146080437E+001
 5.2000000000000002E+000  7.0967414493619927E+001
 5.2500000000000000E+000  8.3830730553079874E+001
 5.3000000000000007E+000  9.8322619822568925E+001
 5.3500000000000005E+000  1.0711980675350782E+002
 5.4000000000000004E+000  1.0864202872609783E+002
 5.4500000000000002E+000  1.0309586268293563E+002
 5.5000000000000000E+000  9.4425429172256102E+001
 5.5500000000000007E+000  8.6527994559006231E+001
 5.6000000000000005E+000  8.0637851381597201E+001
 5.6500000000000004E+000  7.8618339156504177E+001
 5.7000000000000002E+000  7.7837336712256914E+001
 5.7500000000000000E+000  7.9506894761679419E+001
 5.8000000000000007E+000  8.3972905452946065E+001
 5.8500000000000005E+000  9.3606360226440714E+001
 5.9000000000000004E+000  1.0891410906858199E+002
 5.9500000000000002E+000  1.2679173931299631E+002
 6.0000000000000000E+000  1.4203996777685907E+002
 6.0500000000000007E+000  1.5346801200139535E+002
 6.1000000000000005E+000  1.5345540035177783E+002
 6.1500000000000004E+000  1.4521623966783739E+002
 6.2000000000000002E+000  1.3103471176007693E+002
 6.2500000000000000E+000  1.1421314518632413E+002
 6.3000000000000007E+000  9.8225072647565113E+001
 6.3500000000000005E+000  8.7938651142998083E+001
 6.4000000000000004E+000  8.0133821848167727E+001
 6.4500000000000002E+000  7.5934806834989956E+001
 6.5000000000000000E+000  7.4380968670451267E+001
 6.5500000000000007E+000  7.3960439927880472E+001
 6.6000000000000005E+000  7.1834244925553890E+001
 6.6500000000000004E+000  6.9575621735864374E+001
 6.7000000000000002E+000  6.8935407516750516E+001
 6.7500000000000000E+000  7.0943672115208955E+001
 6.8000000000000007E+000  7.4453367401019761E+001
 6.8500000000000005E+000  7.8929309044415348E+001
 6.9000000000000004E+000  8.2424737648766850E+001
 6.9500000000000002E+000  8.4398350897976513E+001
 7.0000000000000000E+000  8.3179871517387923E+001
 7.0500000000000007E+000  7.9534658927405630E+001
 7.1000000000000005E+000  7.6262793747134921E+001
 7.1500000000000004E+000  7.4520506157117111E+001
 7.2000000000000002E+000  7.3106198700733955E+001
 7.2500000000000000E+000  7.1603557569765329E+001
 7.3000000000000007E+000  7.0286708289597740E+001
 7.3500000000000005E+000  6.8960368234021374E+001
 7.4000000000000004E+000  6.9268192569535330E+001
 7.4500000000000002E+000  7.0704820324689535E+001
 7.5000000000000000E+000  7.3285084692340661E+001
 7.5500000000000007E+000  7.7487692676898092E+001
 7.6000000000000005E+000  8.2688637775098684E+001
 7.6500000000000004E+000  8.9094054667406041E+001
 7.7000000000000002E+000  9.9210979444691333E+001
 7.7500000000000000E+000  1.0998740570386005E+002
 7.8000000000000007E+000  1.2070812028584456E+002
 7.8500000000000005E+000  1.2919447284467478E+002
 7.9000000000000004E+000  1.3675257946448929E+002
 7.9500000000000002E+000  1.4119823426123645E+002
 8.0000000000000000E+000  1.4386112665711548E+002
 8.0500000000000007E+000  1.4725304037944252E+002
 8.0999999999999996E+000  1.5144494321186934E+002
 8.1500000000000004E+000  1.5467335970143122E+002
 8.2000000000000011E+000  1.5515958364593089E+002
 8.2500000000000000E+000  1.5292657160415337E+002
 8.3000000000000007E+000  1.4835318724398454E+002
 8.3499999999999996E+000  1.4445324943275943E+002
 8.4000000000000004E+000  1.4181847596510897E+002
 8.4500000000000011E+000  1.3813538251895210E+002
 8.5000000000000000E+000  1.3573604126374579E+002
 8.5500000000000007E+000  1.3432450202434737E+002
 8.5999999999999996E+000  1.3414701541282037E+002
 8.6500000000000004E+000  1.3260363448510148E+002
 8.7000000000000011E+000  1.2903731414645409E+002
 8.7500000000000000E+000  1.2420056758133677E+002
 8.8000000000000007E+000  1.1819864597383503E+002
 8.8499999999999996E+000  1.1212103989551454E+002
 8.9000000000000004E+000  1.0863100837496759E+002
 8.9500000000000011E+000  1.0706304042249064E+002
 9.0000000000000000E+000  1.0600308907674102E+002
 9.0500000000000007E+000  1.0553042022149127E+002
 9.0999999999999996E+000  1.0282487991015569E+002
 9.1500000000000004E+000  9.8438499142785986E+001
 9.2000000000000011E+000  9.2120858027247792E+001
 9.2500000000000000E+000  8.6266003613633842E+001
 9.3000000000000007E+000  8.0620835364172009E+001
 9.3499999999999996E+000  7.7119695953563564E+001
 9.4000000000000004E+000  7.4967783778152651E+001
 9.4500000000000011E+000  7.3890305996150616E+001
 9.5000000000000000E+000  7.2793238534633787E+001
 9.5500000000000007E+000  7.0703568889998010E+001
 9.6000000000000014E+000  6.9008234732803388E+001
 9.6500000000000004E+000  6.7776829246341080E+001
 9.7000000000000011E+000  6.7207511245666538E+001
 9.7500000000000000E+000  6.6589749341025367E+001
 9.8000000000000007E+000  6.5920757832692061E+001
 9.8500000000000014E+000  6.4919329732503584E+001
 9.9000000000000004E+000  6.3136870904963047E+001
 9.9500000000000011E+000  6.1323469540050944E+001
 1.0000000000000000E+001  5.9981491460772730E+001
 1.0050000000000001E+001  5.9446750529790769E+001
 1.0100000000000001E+001  5.8842946476832097E+001
 1.0150000000000000E+001  5.8632287773357007E+001
 1.0200000000000001E+001  5.8835663185204027E+001
 1.0250000000000000E+001  6.0021981533526763E+001
 1.0300000000000001E+001  6.1016015079687641E+001
 1.0350000000000001E+001  6.1811512235621294E+001
 1.0400000000000000E+001  6.2143331700140713E+001
 1.0450000000000001E+001  6.3225242513430580E+001
 1.0500000000000000E+001  6.4076937700550573E+001
 1.0550000000000001E+001  6.5886383975374414E+001
 1.0600000000000001E+001  6.6504177402418208E+001
 1.0650000000000000E+001  6.8048245435860949E+001
 1.0700000000000001E+001  7.0009908922345446E+001
 1.0750000000000000E+001  7.2021941384817708E+001
 1.0800000000000001E+001  7.5086061381201318E+001
 1.0850000000000001E+001  7.9750650185595546E+001
 1.0900000000000000E+001  8.4493009624970284E+001
 1.0950000000000001E+001  8.8844245194305714E+001
 1.1000000000000000E+001  9.3104098931217834E+001
 1.1050000000000001E+001  9.6416003859243972E+001
 1.1100000000000001E+001  9.6756828843492571E+001
 1.1150000000000000E+001  9.2922584880873927E+001
 1.1200000000000001E+001  8.7863564921732348E+001
 1.1250000000000000E+001  8.3579062526587435E+001
 1.1300000000000001E+001  8.2568372195264928E+001
 1.1350000000000001E+001  8.2614137537035234E+001
 1.1400000000000000E+001  8.4144167765988627E+001
 1.1450000000000001E+001  8.6112459722602068E+001
 1.1500000000000000E+001  8.6299591593932533E+001
 1.1550000000000001E+001  8.5106837711916398E+001
 1.1600000000000001E+001  8.2737299722538012E+001
 1.1650000000000000E+001  8.0158640723601223E+001
 1.1700000000000001E+001  7.7556673320135303E+001
 1.1750000000000000E+001  7.5901509492833469E+001
 1.1800000000000001E+001  7.5033749626686287E+001
 1.1850000000000001E+001  7.5528176005805292E+001
 1.1900000000000000E+001  7.7726714513732205E+001
 1.1950000000000001E+001  8.1278967554999255E+001
 1.2000000000000000E+001  8.6336976680675335E+001
 1.2050000000000001E+001  9.0868749995363473E+001
 1.2100000000000001E+001  9.4414680982669125E+001
 1.2150000000000000E+001  9.6228840337092919E+001
 1.2200000000000001E+001  9.6546061583901590E+001
 1.2250000000000000E+001  9.5935539114722928E+001
 1.2300000000000001E+001  9.3564238145846048E+001
 1.2350000000000001E+001  8.9722709546457025E+001
 1.2400000000000000E+001  8.5806457283721883E+001
 1.2450000000000001E+001  8.1518002796412858E+001
 1.2500000000000000E+001  7.9222497324128639E+001
 1.2550000000000001E+001  7.7713450715502177E+001
 1.2600000000000001E+001  7.7175330749243244E+001
 1.2650000000000000E+001  7.7703518941069376E+001
 1.2700000000000001E+001  7.8222010521499129E+001
 1.2750000000000000E+001  7.9866863977131459E+001
 1.2800000000000001E+001  8.0943473627020282E+001
 1.2850000000000001E+001  8.2221817216383130E+001
 1.2900000000000000E+001  8.2279380224900947E+001
 1.2950000000000001E+001  8.0824132537447667E+001
 1.3000000000000000E+001  7.9240854291282986E+001
 1.3050000000000001E+001  7.7683846003077818E+001
 1.3100000000000001E+001  7.4852880303869398E+001
 1.3150000000000000E+001  7.2390597221048651E+001
 1.3200000000000001E+001  7.0940878683635816E+001
 1.3250000000000000E+001  6.8967035478523655E+001
 1.3300000000000001E+001  6.7989470418480650E+001
 1.3350000000000001E+001  6.7788692843122533E+001
 1.3400000000000000E+001  6.8090775204840426E+001
 1.3450000000000001E+001  6.8560110596532923E+001
 1.3500000000000000E+001  6.9322262664423434E+001
 1.3550000000000001E+001  6.9943964025783629E+001
 1.3600000000000001E+001  7.0558024526625701E+001
 1.3650000000000000E+001  7.1260276268774263E+001
 1.3700000000000001E+001  7.0187325145295659E+001
 1.3750000000000000E+001  6.8946241751433519E+001
 1.3800000000000001E+001  6.7437126124814199E+001
 1.3850000000000001E+001  6.6293050597002022E+001
 1.3900000000000000E+001  6.6580822429198761E+001
 1.3950000000000001E+001  6.7717392823407323E+001
 1.4000000000000000E+001  6.9612839326361524E+001
 1.4050000000000001E+001  7.1666456126463004E+001
 1.4100000000000001E+001  7.3121158471833184E+001
 1.4150000000000000E+001  7.4232856297594836E+001
 1.4200000000000001E+001  7.3512028457144481E+001
 1.4250000000000000E+001  7.2528692629794875E+001
 1.4300000000000001E+001  7.0592423930994968E+001
 1.4350000000000001E+001  6.8917327329156748E+001
 1.4400000000000000E+001  6.8020060358892508E+001
 1.4450000000000001E+001  6.7851475752611421E+001
 1.4500000000000000E+001  6.8002149252953842E+001
 1.4550000000000001E+001  6.7466953431256698E+001
 1.4600000000000001E+001  6.7248891190737922E+001
 1.4650000000000000E+001  6.6463839328666438E+001
 1.4700000000000001E+001  6.5427332669904516E+001
 1.4750000000000000E+001  6.3977682549536972E+001
 1.4800000000000001E+001  6.3489264859019244E+001
 1.4850000000000001E+001  6.3706357162175436E+001
 1.4900000000000000E+001  6.4028811988601547E+001
 1.4950000000000001E+001  6.5337968076914748E+001
 1.5000000000000000E+001  6.6319848749338618E+001
 1.5050000000000001E+001  6.6600934478608210E+001
 1.5100000000000001E+001  6.5924579241909015E+001
 1.5150000000000000E+001  6.6137810425987780E+001
 1.5200000000000001E+001  6.5716918343485275E+001
 1.5250000000000000E+001  6.5183851485885256E+001
 1.5300000000000001E+001  6.4273001119743469E+001
 1.5350000000000001E+001  6.3911517757600144E+001
 1.5400000000000000E+001  6.3338900373776561E+001
 1.5450000000000001E+001  6.3175933342392049E+001
 1.5500000000000000E+001  6.3463672983141720E+001
 1.5550000000000001E+001  6.3419065825368349E+001
 1.5600000000000001E+001  6.3554531371534708E+001
 1.5650000000000000E+001  6.3619956516433767E+001
 1.5700000000000001E+001  6.3577984887627842E+001
 1.5750000000000000E+001  6.3177429519527649E+001
 1.5800000000000001E+001  6.2396951637750249E+001
 1.5850000000000001E+001  6.1551814730065821E+001
 1.5900000000000000E+001  6.1042958060222631E+001
 1.5950000000000001E+001  6.0159125715171093E+001
 1.6000000000000000E+001  5.9723141767212880E+001
 1.6050000000000001E+001  5.9380002826864491E+001
 1.6100000000000001E+001  5.9590566477554226E+001
 1.6150000000000002E+001  6.0213060022523450E+001
 1.6199999999999999E+001  6.0639654966339833E+001
 1.6250000000000000E+001  6.1135241581509931E+001
 1.6300000000000001E+001  6.1569576682361948E+001
 1.6350000000000001E+001  6.1607916561908496E+001
 1.6400000000000002E+001  6.1473886148660618E+001
 1.6449999999999999E+001  6.0893133735907675E+001
 1.6500000000000000E+001  6.1259981074159462E+001
 1.6550000000000001E+001  6.1845616295311508E+001
 1.6600000000000001E+001  6.2263930754119770E+001
 1.6650000000000002E+001  6.2940693035688291E+001
 1.6699999999999999E+001  6.4046502043879727E+001
 1.6750000000000000E+001  6.4903288893054892E+001
 1.6800000000000001E+001  6.5770976863799902E+001
 1.6850000000000001E+001  6.5866568096918911E+001
 1.6900000000000002E+001  6.6178372589219634E+001
 1.6949999999999999E+001  6.6183061966165937E+001
 1.7000000000000000E+001  6.5788277646991702E+001
 1.7050000000000001E+001  6.4851607106427139E+001
 1.7100000000000001E+001  6.3453938434104614E+001
 1.7150000000000002E+001  6.3446106255336197E+001
 1.7199999999999999E+001  6.3391833910050494E+001
 1.7250000000000000E+001  6.4225485123822352E+001
 1.7300000000000001E+001  6.5252397127896003E+001
 1.7350000000000001E+001  6.5794915917074491E+001
 1.7400000000000002E+001  6.6267403099178466E+001
 1.7449999999999999E+001  6.7207988719086956E+001
 1.7500000000000000E+001  6.7398954771335966E+001
 1.7550000000000001E+001  6.7751731746293260E+001
 1.7600000000000001E+001  6.8377655385613579E+001
 1.7650000000000002E+001  6.8358610901183994E+001
 1.7699999999999999E+001  6.8638657562472176E+001
 1.7750000000000000E+001  6.9003513560866367E+001
 1.7800000000000001E+001  6.9178566006622049E+001
 1.7850000000000001E+001  6.9069827893883044E+001
 1.7900000000000002E+001  6.9090607554578469E+001
 1.7949999999999999E+001  6.9064884638796812E+001
 1.8000000000000000E+001  6.9328370964004307E+001
 1.8050000000000001E+001  6.9373196240103695E+001
 1.8100000000000001E+001  6.8662119739942227E+001
 1.8150000000000002E+001  6.7923489477132634E+001
 1.8199999999999999E+001  6.6953164582733280E+001
 1.8250000000000000E+001  6.6739392919670607E+001
 1.8300000000000001E+001  6.7112255085479390E+001
 1.8350000000000001E+001  6.7424322208852885E+001
 1.8400000000000002E+001  6.7633884582959567E+001
 1.8449999999999999E+001  6.8306323819211741E+001
 1.8500000000000000E+001  6.8649203507491094E+001
 1.8550000000000001E+001  6.9358203081751640E+001
 1.8600000000000001E+001  7.0056831213438230E+001
 1.8650000000000002E+001  7.0132806048532942E+001
 1.8699999999999999E+001  6.9832353164394235E+001
 1.8750000000000000E+001  6.9969763541120116E+001
 1.8800000000000001E+001  6.9777544868427753E+001
 1.8850000000000001E+001  6.9436974054962448E+001
 1.8900000000000002E+001  6.9189121491194541E+001
 1.8949999999999999E+001  6.8708332463360776E+001
 1.9000000000000000E+001  6.8688416690232216E+001
 1.9050000000000001E+001  6.8486545199730045E+001
 1.9100000000000001E+001  6.8266712219493442E+001
 1.9150000000000002E+001  6.7652134762456072E+001
 1.9200000000000003E+001  6.7026111567653288E+001
 1.9250000000000000E+001  6.6892838912543041E+001
 1.9300000000000001E+001  6.6564955829847207E+001
 1.9350000000000001E+001  6.6499057296426145E+001
 1.9400000000000002E+001  6.6836909290130691E+001
 1.9450000000000003E+001  6.7177219357816995E+001
 1.9500000000000000E+001  6.7554650496581644E+001
 1.9550000000000001E+001  6.7920772735389065E+001
 1.9600000000000001E+001  6.8213072518285628E+001
 1.9650000000000002E+001  6.7613656119543151E+001
 1.9700000000000003E+001  6.8126115435304513E+001
 1.9750000000000000E+001  6.8473684196449042E+001
 1.9800000000000001E+001  6.8365884235581973E+001
 1.9850000000000001E+001  6.7692049813136293E+001
 1.9900000000000002E+001  6.7276928946426864E+001
 1.9950000000000003E+001  6.7058637187932007E+001
 2.0000000000000000E+001  6.6615870229326660E+001
 2.0050000000000001E+001  6.6366592776529615E+001
 2.0100000000000001E+001  6.5806442603593908E+001
 2.0150000000000002E+001  6.6153269181047747E+001
 2.0200000000000003E+001  6.5845659780425947E+001
 2.0250000000000000E+001  6.6439497038511163E+001
 2.0300000000000001E+001  6.6610729275625530E+001
 2.0350000000000001E+001  6.6192461098915402E+001
 2.0400000000000002E+001  6.6154217364680875E+001
 2.0450000000000003E+001  6.6413021791229497E+001
 2.0500000000000000E+001  6.6372421692301785E+001
 2.0550000000000001E+001  6.6500431177339038E+001
 2.0600000000000001E+001  6.6087054894985016E+001
 2.0650000000000002E+001  6.5781898648496295E+001
 2.0700000000000003E+001  6.5565148406094082E+001
 2.0750000000000000E+001  6.5763891437402492E+001
 2.0800000000000001E+001  6.6465391547328522E+001
 2.0850000000000001E+001  6.6458608472793998E+001
 2.0900000000000002E+001  6.6933633110409389E+001
 2.0950000000000003E+001  6.7222295891353781E+001
 2.1000000000000000E+001  6.7490999202308330E+001
 2.1050000000000001E+001  6.7736713821090532E+001
 2.1100000000000001E+001  6.8372537170289732E+001
 2.1150000000000002E+001  6.9068593943385920E+001
 2.1200000000000003E+001  6.9017281582390652E+001
 2.1250000000000000E+001  6.8895699139535793E+001
 2.1300000000000001E+001  6.9412062343038727E+001
 2.1350000000000001E+001  6.9309759368193454E+001
 2.1400000000000002E+001  6.9965627164183260E+001
 2.1450000000000003E+001  7.0153419612651163E+001
 2.1500000000000000E+001  7.0489428379750223E+001
 2.1550000000000001E+001  7.0291422984465626E+001
 2.1600000000000001E+001  6.9701348283374188E+001
 2.1650000000000002E+001  6.9034354515689657E+001
 2.1700000000000003E+001  6.8385711046949652E+001
 2.1750000000000000E+001  6.7974953687758301E+001
 2.1800000000000001E+001  6.8480234157484134E+001
 2.1850000000000001E+001  6.7968434358491422E+001
 2.1900000000000002E+001  6.7971164150198476E+001
 2.1950000000000003E+001  6.7660174100121580E+001
 2.2000000000000000E+001  6.8171015851825842E+001
 2.2050000000000001E+001  6.8186572536785960E+001
 2.2100000000000001E+001  6.7566701745199737E+001
 2.2150000000000002E+001  6.7367574374720292E+001
 2.2200000000000003E+001  6.6787625350334764E+001
 2.2250000000000000E+001  6.6294692125235244E+001
 2.2300000000000001E+001  6.5823018756751281E+001
 2.2350000000000001E+001  6.5389192055708534E+001
 2.2400000000000002E+001  6.5220164072742691E+001
 2.2450000000000003E+001  6.4849091452225522E+001
 2.2500000000000000E+001  6.4769807747606009E+001
 2.2550000000000001E+001  6.4643049694263667E+001
 2.2600000000000001E+001  6.4284657748382926E+001
 2.2650000000000002E+001  6.4068750911862864E+001
 2.2700000000000003E+001  6.4151215464909626E+001
 2.2750000000000000E+001  6.3943547035667798E+001
 2.2800000000000001E+001  6.3512029097004749E+001
 2.2850000000000001E+001  6.3369373420871469E+001
 2.2900000000000002E+001  6.2929612562844646E+001
 2.2950000000000003E+001  6.2482462232043531E+001
 2.3000000000000000E+001  6.2175909444614589E+001
 2.3050000000000001E+001  6.1728354708831667E+001
 2.3100000000000001E+001  6.1344740901268956E+001
 2.3150000000000002E+001  6.0600738899875545E+001
 2.3200000000000003E+001  5.9827296663756535E+001
 2.3250000000000000E+001  5.9470133930164081E+001
 2.3300000000000001E+001  5.9385310710035505E+001
 2.3350000000000001E+001  5.9119930436304941E+001
 2.3400000000000002E+001  5.8810408756551695E+001
 2.3450000000000003E+001  5.8387777370824516E+001
 2.3500000000000000E+001  5.8321950438641231E+001
 2.3550000000000001E+001  5.8300547568872766E+001
 2.3600000000000001E+001  5.8197138386757203E+001
 2.3650000000000002E+001  5.7896045988471229E+001
 2.3700000000000003E+001  5.7286097379328176E+001
 2.3750000000000000E+001  5.7656740364181104E+001
 2.3800000000000001E+001  5.7786219584614301E+001
 2.3850000000000001E+001  5.7397399372557913E+001
 2.3900000000000002E+001  5.6676010601738042E+001
 2.3950000000000003E+001  5.6125495946544888E+001
 2.4000000000000000E+001  5.6033030701186405E+001
 2.4050000000000001E+001  5.5715340206778194E+001
 2.4100000000000001E+001  5.5550863530056453E+001
 2.4150000000000002E+001  5.6269161415002365E+001
 2.4200000000000003E+001  5.6369994737218320E+001
 2.4250000000000000E+001  5.6295260090780488E+001
 2.4300000000000001E+001  5.5945567257726921E+001
 2.4350000000000001E+001  5.6069989903775614E+001
 2.4400000000000002E+001  5.6382013657187130E+001
 2.4450000000000003E+001  5.5975592228440199E+001
 2.4500000000000000E+001  5.5585391245071406E+001
 2.4550000000000001E+001  5.5323327640198990E+001
 2.4600000000000001E+001  5.4889041008668400E+001
 2.4650000000000002E+001  5.4639870841834295E+001
 2.4700000000000003E+001  5.4601502059336219E+001
 2.4750000000000000E+001  5.4114220946392123E+001
 2.4800000000000001E+001  5.3723747574629620E+001
 2.4850000000000001E+001  5.3422616862194644E+001
 2.4900000000000002E+001  5.3005093449473350E+001
 2.4950000000000003E+001  5.2662813479791417E+001
 2.5000000000000000E+001  5.2108175311312195E+001
 2.5050000000000001E+001  5.1925740931371401E+001
 2.5100000000000001E+001  5.1440402750791790E+001
 2.5150000000000002E+001  5.1236514012857405E+001
 2.5200000000000003E+001  5.1207255581566464E+001
 2.5250000000000000E+001  5.0740466174323551E+001
 2.5300000000000001E+001  5.0709193601068662E+001
 2.5350000000000001E+001  5.0685502285982935E+001
 2.5400000000000002E+001  5.0992904057624301E+001
 2.5450000000000003E+001  5.0744643273746320E+001
 2.5500000000000000E+001  5.0522623168273121E+001
 2.5550000000000001E+001  4.9971231399168886E+001
 2.5600000000000001E+001  4.9820988441883088E+001
 2.5650000000000002E+001  4.9930877704756789E+001
 2.5700000000000003E+001  5.0274970514959534E+001
 2.5750000000000000E+001  4.9909665738819655E+001
 2.5800000000000001E+001  4.9391027822691811E+001
 2.5850000000000001E+001  4.9370580948042061E+001
 2.5900000000000002E+001  4.9246359047503312E+001
 2.5950000000000003E+001  4.9214593840292579E+001
 2.6000000000000000E+001  4.9166670046610299E+001
 2.6050000000000001E+001  4.9219996200586181E+001
 2.6100000000000001E+001  4.8803184315892899E+001
 2.6150000000000002E+001  4.8673129994080135E+001
 2.6200000000000003E+001  4.8606944230233587E+001
 2.6250000000000000E+001  4.8148853810250145E+001
 2.6300000000000001E+001  4.7741777525154752E+001
 2.6350000000000001E+001  4.7628861106126060E+001
 2.6400000000000002E+001  4.7261248069834210E+001
 2.6450000000000003E+001  4.6804046113254380E+001
 2.6500000000000000E+001  4.6754581922784830E+001
 2.6550000000000001E+001  4.6410165755759444E+001
 2.6600000000000001E+001  4.6185908772901122E+001
 2.6650000000000002E+001  4.5854309118027025E+001
 2.6700000000000003E+001  4.5757017881903820E+001
 2.6750000000000000E+001  4.5816197491492069E+001
 2.6800000000000001E+001  4.5558042755483903E+001
 2.6850000000000001E+001  4.5667249203635414E+001
 2.6900000000000002E+001  4.6070121953892190E+001
 2.6950000000000003E+001  4.5742158224339363E+001
 2.7000000000000000E+001  4.5388783612027716E+001
 2.7050000000000001E+001  4.5300007049705691E+001
 2.7100000000000001E+001  4.4974503352337308E+001
 2.7150000000000002E+001  4.4586842957161920E+001
 2.7200000000000003E+001  4.4508067053265030E+001
 2.7250000000000000E+001  4.4264256685871892E+001
 2.7300000000000001E+001  4.3930119848663949E+001
 2.7350000000000001E+001  4.3989891061640925E+001
 2.7400000000000002E+001  4.3716260086088297E+001
 2.7450000000000003E+001  4.3316795234144593E+001
 2.7500000000000000E+001  4.3240486804809954E+001
 2.7550000000000001E+001  4.3490730094226414E+001
 2.7600000000000001E+001  4.3468359285510850E+001
 2.7650000000000002E+001  4.3212137244786994E+001
 2.7700000000000003E+001  4.2772206840778857E+001
 2.7750000000000000E+001  4.2730647564597952E+001
 2.7800000000000001E+001  4.2798497741964809E+001
 2.7850000000000001E+001  4.2525856648744771E+001
 2.7900000000000002E+001  4.2055339294812363E+001
 2.7950000000000003E+001  4.2008971618441699E+001
 2.8000000000000000E+001  4.1992374429897204E+001
 2.8050000000000001E+001  4.1657319182561210E+001
 2.8100000000000001E+001  4.1467338476931516E+001
 2.8150000000000002E+001  4.1437604135661090E+001
 2.8200000000000003E+001  4.1452172275788769E+001
 2.8250000000000000E+001  4.1656476719492417E+001
 2.8300000000000001E+001  4.1466934737641701E+001
 2.8350000000000001E+001  4.1116692966654732E+001
 2.8400000000000002E+001  4.1155477787872826E+001
 2.8450000000000003E+001  4.1034710747485988E+001
 2.8500000000000000E+001  4.1138551617541829E+001
 2.8550000000000001E+001  4.1011166120085605E+001
 2.8600000000000001E+001  4.0760913873257479E+001
 2.8650000000000002E+001  4.0630283273122387E+001
 2.8700000000000003E+001  4.0507980611305335E+001
 2.8750000000000000E+001  4.0221993088404403E+001
 2.8800000000000001E+001  4.0193669882431173E+001
 2.8850000000000001E+001  3.9981771274394248E+001
 2.8900000000000002E+001  3.9422723756133180E+001
 2.8950000000000003E+001  3.9823474435698301E+001
 2.9000000000000000E+001  3.9472841700938758E+001
 2.9050000000000001E+001  3.9085022208223229E+001
 2.9100000000000001E+001  3.9221153110173141E+001
 2.9150000000000002E+001  3.9487855712363256E+001
 2.9200000000000003E+001  3.9439129759796081E+001
 2.9250000000000000E+001  3.9438945530706242E+001
 2.9300000000000001E+001  3.8775490020171418E+001
 2.9350000000000001E+001  3.8897483467833545E+001
 2.9400000000000002E+001  3.9114831758256862E+001
 2.9450000000000003E+001  3.8997861284665788E+001
 2.9500000000000000E+001  3.9299507376551865E+001
 2.9550000000000001E+001  3.9129758226250203E+001
 2.9600000000000001E+001  3.8867545378523587E+001
 2.9650000000000002E+001  3.8740464054636078E+001
 2.9700000000000003E+001  3.9055942423549929E+001
 2.9750000000000000E+001  3.9118181219947353E+001
 2.9800000000000001E+001  3.8850178706643156E+001
 2.9850000000000001E+001  3.8793366146801674E+001
 2.9900000000000002E+001  3.8704671358109856E+001
 2.9950000000000003E+001  3.8563190006184925E+001
 3.0000000000000000E+001  3.8446590461825323E+001
 3.0050000000000001E+001  3.8553882058831540E+001
 3.0100000000000001E+001  3.8465432112392321E+001
 3.0150000000000002E+001  3.8354724400013964E+001
 3.0200000000000003E+001  3.8228799591103488E+001
 3.0250000000000000E+001  3.8316745468702827E+001
 3.0300000000000001E+001  3.8249895494867324E+001
 3.0350000000000001E+001  3.7708856398171193E+001
 3.0400000000000002E+001  3.7849753032186300E+001
 3.0450000000000003E+001  3.7814477404257623E+001
 3.0500000000000000E+001  3.8064844311044368E+001
 3.0550000000000001E+001  3.7914393973973461E+001
 3.0600000000000001E+001  3.7870945771302040E+001
 3.0650000000000002E+001  3.7959873724756044E+001
 3.0700000000000003E+001  3.8137477632550407E+001
 3.0750000000000000E+001  3.8358686789518117E+001
 3.0800000000000001E+001  3.8169475300952890E+001
 3.0850000000000001E+001  3.8159395370295904E+001
 3.0900000000000002E+001  3.8118640719731921E+001
 3.0950000000000003E+001  3.8119076391949029E+001
 3.1000000000000000E+001  3.7954627616930168E+001
 3.1050000000000001E+001  3.7901410357051780E+001
 3.1100000000000001E+001  3.7712421727204664E+001
 3.1150000000000002E+001  3.8413625269776425E+001
 3.1200000000000003E+001  3.8587541815655193E+001
 3.1250000000000000E+001  3.8393130470704605E+001
 3.1300000000000001E+001  3.8700127088304605E+001
 3.1350000000000001E+001  3.8228522530673914E+001
 3.1400000000000002E+001  3.8138478042667558E+001
 3.1450000000000003E+001  3.8376595330095554E+001
 3.1500000000000000E+001  3.8337998950537262E+001
 3.1550000000000001E+001  3.8398861293007698E+001
 3.1600000000000001E+001  3.8542698691759064E+001
 3.1650000000000002E+001  3.8564810219949443E+001
 3.1700000000000003E+001  3.8576631598895737E+001
 3.1750000000000000E+001  3.8316638221180114E+001
 3.1800000000000001E+001  3.8502158434249871E+001
 3.1850000000000001E+001  3.8779237523815517E+001
 3.1900000000000002E+001  3.8724156260721159E+001
 3.1950000000000003E+001  3.8751684863491811E+001
 3.2000000000000000E+001  3.8991830807884611E+001
 3.2050000000000004E+001  3.9320038594295269E+001
 3.2100000000000001E+001  3.9227893549941285E+001
 3.2149999999999999E+001  3.9744043947805537E+001
 3.2200000000000003E+001  4.0146316582943200E+001
 3.2250000000000000E+001  4.0202384381223339E+001
 3.2300000000000004E+001  4.0215700878818147E+001
 3.2350000000000001E+001  4.0366924595291074E+001
 3.2399999999999999E+001  4.0111896928878764E+001
 3.2450000000000003E+001  4.0102738061145743E+001
 3.2500000000000000E+001  3.9975696972821723E+001
 3.2550000000000004E+001  4.0069897258061367E+001
 3.2600000000000001E+001  3.9710646115223355E+001
 3.2649999999999999E+001  4.0052270237072236E+001
 3.2700000000000003E+001  4.0144817465750975E+001
 3.2750000000000000E+001  4.0138121565408269E+001
 3.2800000000000004E+001  4.0319295000491898E+001
 3.2850000000000001E+001  3.9972182459401822E+001
 3.2899999999999999E+001  3.9804883722589381E+001
 3.2950000000000003E+001  3.9743138237185534E+001
 3.3000000000000000E+001  3.9611222355572117E+001
 3.3050000000000004E+001  3.9439977414351027E+001
 3.3100000000000001E+001  3.9628151782503245E+001
 3.3149999999999999E+001  3.9717863909372078E+001
 3.3200000000000003E+001  3.9436390617325053E+001
 3.3250000000000000E+001  3.9333097043402582E+001
 3.3300000000000004E+001  3.9248018771046972E+001
 3.3350000000000001E+001  3.9551856060754339E+001
 3.3399999999999999E+001  3.9036072301343069E+001
 3.3450000000000003E+001  3.9480176937352660E+001
 3.3500000000000000E+001  4.0058560887517849E+001
 3.3550000000000004E+001  3.9451507006534236E+001
 3.3600000000000001E+001  3.9301825027547373E+001
 3.3649999999999999E+001  3.8909540825838903E+001
 3.3700000000000003E+001  3.8756880236387069E+001
 3.3750000000000000E+001  3.8493136512577692E+001
 3.3800000000000004E+001  3.8838979276120746E+001
 3.3850000000000001E+001  3.8799650286929896E+001
 3.3899999999999999E+001  3.8356791002916552E+001
 3.3950000000000003E+001  3.8079157721169288E+001
 3.4000000000000000E+001  3.8192683894303592E+001
 3.4050000000000004E+001  3.8153816871281485E+001
 3.4100000000000001E+001  3.7927345160435365E+001
 3.4149999999999999E+001  3.8213027480188636E+001
 3.4200000000000003E+001  3.8400424505400075E+001
 3.4250000000000000E+001  3.8391717169783618E+001
 3.4300000000000004E+001  3.8327924554232467E+001
 3.4350000000000001E+001  3.7896074550119522E+001
 3.4399999999999999E+001  3.8005491134693486E+001
 3.4450000000000003E+001  3.8102597828925326E+001
 3.4500000000000000E+001  3.7893398256415544E+001
 3.4550000000000004E+001  3.7727259316560584E+001
 3.4600000000000001E+001  3.7650184177235325E+001
 3.4649999999999999E+001  3.7981088058899218E+001
 3.4700000000000003E+001  3.7906619076839299E+001
 3.4750000000000000E+001  3.8148546589297410E+001
 3.4800000000000004E+001  3.7995147442826337E+001
 3.4850000000000001E+001  3.7887742536556097E+001
 3.4899999999999999E+001  3.8080070151509148E+001
 3.4950000000000003E+001  3.7983058429412281E+001
 3.5000000000000000E+001  3.7528403744718389E+001
 3.5050000000000004E+001  3.7246260654933970E+001
 3.5100000000000001E+001  3.7386905263765762E+001
 3.5149999999999999E+001  3.7210088727884653E+001
 3.5200000000000003E+001  3.6960318985529554E+001
 3.5250000000000000E+001  3.7171690087207537E+001
 3.5300000000000004E+001  3.7071300931001780E+001
 3.5350000000000001E+001  3.6969712564698284E+001
 3.5399999999999999E+001  3.6778135732563690E+001
 3.5450000000000003E+001  3.7047445870192504E+001
 3.5500000000000000E+001  3.6777691889718092E+001
 3.5550000000000004E+001  3.6571707486745765E+001
 3.5600000000000001E+001  3.6921920390711584E+001
 3.5649999999999999E+001  3.7408127006549073E+001
 3.5700000000000003E+001  3.7069749598565039E+001
 3.5750000000000000E+001  3.6357987881590134E+001
 3.5800000000000004E+001  3.5911791704547099E+001
 3.5850000000000001E+001  3.5693375538101350E+001
 3.5899999999999999E+001  3.5874126503105323E+001
 3.5950000000000003E+001  3.5682227248402583E+001
 3.6000000000000000E+001  3.5691907861574073E+001
 3.6050000000000004E+001  3.5482598193015285E+001
 3.6100000000000001E+001  3.5740801302943865E+001
 3.6149999999999999E+001  3.6133781522223067E+001
 3.6200000000000003E+001  3.6316203001010386E+001
 3.6250000000000000E+001  3.6085042704699916E+001
 3.6300000000000004E+001  3.6137471261262128E+001
 3.6350000000000001E+001  3.5765583962998562E+001
 3.6399999999999999E+001  3.5603937079725881E+001
 3.6450000000000003E+001  3.5315132064937679E+001
 3.6500000000000000E+001  3.4822509312476754E+001
 3.6550000000000004E+001  3.4791351372493615E+001
 3.6600000000000001E+001  3.4455326222342798E+001
 3.6649999999999999E+001  3.4597755612737615E+001
 3.6700000000000003E+001  3.5009924643409256E+001
 3.6750000000000000E+001  3.4961276482114222E+001
 3.6800000000000004E+001  3.5553977990949747E+001
 3.6850000000000001E+001  3.5447495799324038E+001
 3.6899999999999999E+001  3.4993165690660952E+001
 3.6950000000000003E+001  3.5414610628409839E+001
 3.7000000000000000E+001  3.5055974490210204E+001
 3.7050000000000004E+001  3.5418662693270811E+001
 3.7100000000000001E+001  3.4805325933830566E+001
 3.7149999999999999E+001  3.4562865854700426E+001
 3.7200000000000003E+001  3.4693223676467206E+001
 3.7250000000000000E+001  3.4351672158588599E+001
 3.7300000000000004E+001  3.4247500202368407E+001
 3.7350000000000001E+001  3.3958945880678925E+001
 3.7399999999999999E+001  3.3708873892110539E+001
 3.7450000000000003E+001  3.4177494028593564E+001
 3.7500000000000000E+001  3.4001446989878680E+001
 3.7550000000000004E+001  3.3906173612940286E+001
 3.7600000000000001E+001  3.3312191932672413E+001
 3.7649999999999999E+001  3.3867330071624259E+001
 3.7700000000000003E+001  3.4378668638196970E+001
 3.7750000000000000E+001  3.4506559290607896E+001
 3.7800000000000004E+001  3.3482807134840989E+001
 3.7850000000000001E+001  3.3750173674031160E+001
 3.7899999999999999E+001  3.3889644936420254E+001
 3.7950000000000003E+001  3.4001579194809047E+001
 3.8000000000000000E+001  3.4153487415087085E+001
 3.8050000000000004E+001  3.3541142666171048E+001
 3.8100000000000001E+001  3.3076210152065308E+001
 3.8149999999999999E+001  3.3310524286510194E+001
 3.8200000000000003E+001  3.3012120915193840E+001
 3.8250000000000000E+001  3.2050811517412185E+001
 3.8300000000000004E+001  3.3053706688046248E+001
 3.8350000000000001E+001  3.3520120929565607E+001
 3.8400000000000006E+001  3.3577322600257865E+001
 3.8450000000000003E+001  3.3047814868558170E+001
 3.8500000000000000E+001  3.2543377098157713E+001
 3.8550000000000004E+001  3.2655026960562083E+001
 3.8600000000000001E+001  3.3470635526389586E+001
 3.8650000000000006E+001  3.2966043019945928E+001
 3.8700000000000003E+001  3.2988564217039610E+001
 3.8750000000000000E+001  3.3399162209489297E+001
 3.8800000000000004E+001  3.3159268886831384E+001
 3.8850000000000001E+001  3.2980016306565389E+001
 3.8900000000000006E+001  3.2694937445163227E+001
 3.8950000000000003E+001  3.3067131917700415E+001
 3.9000000000000000E+001  3.2625780321275684E+001
 3.9050000000000004E+001  3.2292246092287343E+001
 3.9100000000000001E+001  3.2733734730241409E+001
 3.9150000000000006E+001  3.2224761224927477E+001
 3.9200000000000003E+001  3.1708118590924226E+001
 3.9250000000000000E+001  3.1565957245774985E+001
 3.9300000000000004E+001  3.0871349010952951E+001
 3.9350000000000001E+001  3.0763277812710630E+001
 3.9400000000000006E+001  3.1069082039650077E+001
 3.9450000000000003E+001  3.1443340410652510E+001
 3.9500000000000000E+001  3.2449844701684412E+001
 3.9550000000000004E+001  3.2184610689655649E+001
 3.9600000000000001E+001  3.1185375421959510E+001
 3.9650000000000006E+001  3.1905085018239692E+001
 3.9700000000000003E+001  3.1785190594022794E+001
 3.9750000000000000E+001  3.1452324423428781E+001
 3.9800000000000004E+001  3.1068256487615479E+001
 3.9850000000000001E+001  3.1191835999927338E+001
 3.9900000000000006E+001  3.2283462796721729E+001
 3.9950000000000003E+001  3.1874260840901638E+001
 4.0000000000000000E+001  3.1383028755876072E+001
 4.0050000000000004E+001  3.1278000113407899E+001
 4.0100000000000001E+001  3.1712589077679706E+001
 4.0150000000000006E+001  3.0768927946569406E+001
 4.0200000000000003E+001  3.1245648662167241E+001
 4.0250000000000000E+001  3.1013769078518223E+001
 4.0300000000000004E+001  3.1316964664617956E+001
 4.0350000000000001E+001  3.0450098589502492E+001
 4.0400000000000006E+001  3.0584354218717472E+001
 4.0450000000000003E+001  3.0586059812907500E+001
 4.0500000000000000E+001  3.0442011204436540E+001
 4.0550000000000004E+001  3.0157450264962925E+001
 4.0600000000000001E+001  2.8866732894935875E+001
 4.0650000000000006E+001  2.9828750457272669E+001
 4.0700000000000003E+001  3.0373217299052659E+001
 4.0750000000000000E+001  3.0293020296445775E+001
 4.0800000000000004E+001  3.0538599904332560E+001
 4.0850000000000001E+001  3.1811222259431410E+001
 4.0900000000000006E+001  2.8945659504904441E+001
 4.0950000000000003E+001  3.2536920272640870E+001
 4.1000000000000000E+001  3.4543950126305575E+001
 4.1050000000000004E+001  3.3889372076493899E+001
 4.1100000000000001E+001  3.2888215071727579E+001
 4.1150000000000006E+001  3.6690308927451134E+001
 4.1200000000000003E+001  3.3222459628441499E+001
 4.1250000000000000E+001  3.2134555265906236E+001
