 2.4000000000000004E+000  1.0561257958693231E+001
 2.4500000000000002E+000  1.3416458402478833E+001
 2.5000000000000000E+000  1.4753911525466931E+001
 2.5500000000000003E+000  1.7081718038710871E+001
 2.6000000000000001E+000  1.6756688122687365E+001
 2.6500000000000004E+000  1.8187546377472270E+001
 2.7000000000000002E+000  2.1927860205723750E+001
 2.7500000000000000E+000  2.8557202374434983E+001
 2.8000000000000003E+000  5.0930818950187550E+001
 2.8500000000000001E+000  1.1632614295247677E+002
 2.9000000000000004E+000  2.2039413409144524E+002
 2.9500000000000002E+000  3.5512793938914479E+002
 3.0000000000000000E+000  4.8390790508116027E+002
 3.0500000000000003E+000  6.0014725672910367E+002
 3.1000000000000001E+000  6.8399256651631856E+002
 3.1500000000000004E+000  6.6582586039867363E+002
 3.2000000000000002E+000  5.4349524161739691E+002
 3.2500000000000000E+000  4.2179708367411990E+002
 3.3000000000000003E+000  3.5442317451204076E+002
 3.3500000000000001E+000  3.3368333729360455E+002
 3.4000000000000004E+000  3.1790612355657180E+002
 3.4500000000000002E+000  2.9257621090465824E+002
 3.5000000000000000E+000  2.8020772339931244E+002
 3.5500000000000003E+000  2.6811233872015413E+002
 3.6000000000000001E+000  2.4286838870001330E+002
 3.6500000000000004E+000  2.1149789631123392E+002
 3.7000000000000002E+000  1.8798991360194151E+002
 3.7500000000000000E+000  1.6950326465500763E+002
 3.8000000000000003E+000  1.5617512114115047E+002
 3.8500000000000001E+000  1.4382427831063933E+002
 3.9000000000000004E+000  1.4171354447159368E+002
 3.9500000000000002E+000  1.3499438520780205E+002
 4.0000000000000000E+000  1.2458469173973921E+002
 4.0499999999999998E+000  1.1472214902495405E+002
 4.1000000000000005E+000  1.0333121594007999E+002
 4.1500000000000004E+000  9.2435206731392810E+001
 4.2000000000000002E+000  8.4528061824010294E+001
 4.2500000000000000E+000  8.0492284577745565E+001
 4.2999999999999998E+000  7.6977993186883523E+001
 4.3500000000000005E+000  7.3111398597654741E+001
 4.4000000000000004E+000  6.8861094700930835E+001
 4.4500000000000002E+000  6.6097431452804514E+001
 4.5000000000000000E+000  6.5134536602210375E+001
 4.5499999999999998E+000  6.4208637318003341E+001
 4.6000000000000005E+000  6.3613013852918385E+001
 4.6500000000000004E+000  6.4777328370778250E+001
 4.7000000000000002E+000  6.6377943198585413E+001
 4.7500000000000000E+000  6.7079277823999718E+001
 4.8000000000000007E+000  6.8449154147065371E+001
 4.8500000000000005E+000  6.9588564788080220E+001
 4.9000000000000004E+000  6.8299765376636287E+001
 4.9500000000000002E+000  6.6008739436673665E+001
 5.0000000000000000E+000  6.3758486632905715E+001
 5.0500000000000007E+000  6.2863748861137978E+001
 5.1000000000000005E+000  6.4792419371256088E+001
 5.1500000000000004E+000  6.8245577784121323E+001
 5.2000000000000002E+000  7.3237823672673528E+001
 5.2500000000000000E+000  7.9963344403323035E+001
 5.3000000000000007E+000  8.7552035109386878E+001
 5.3500000000000005E+000  9.2233889425585829E+001
 5.4000000000000004E+000  9.3304866388086808E+001
 5.4500000000000002E+000  8.9381077522048713E+001
 5.5000000000000000E+000  8.2671405013986330E+001
 5.5500000000000007E+000  7.6983652365455640E+001
 5.6000000000000005E+000  7.3150163150507780E+001
 5.6500000000000004E+000  6.9651944138376322E+001
 5.7000000000000002E+000  6.7654672452899305E+001
 5.7500000000000000E+000  6.7433381828543133E+001
 5.8000000000000007E+000  6.7543828435345276E+001
 5.8500000000000005E+000  6.8236573980175095E+001
 5.9000000000000004E+000  7.2484906011587768E+001
 5.9500000000000002E+000  8.0414663058739805E+001
 6.0000000000000000E+000  8.9724340077253999E+001
 6.0500000000000007E+000  1.0010023891921644E+002
 6.1000000000000005E+000  1.0815348899188767E+002
 6.1500000000000004E+000  1.1176220459588137E+002
 6.2000000000000002E+000  1.0996923511724917E+002
 6.2500000000000000E+000  1.0267197455017256E+002
 6.3000000000000007E+000  9.1592313370042149E+001
 6.3500000000000005E+000  8.2065018926104401E+001
 6.4000000000000004E+000  7.6363952319943579E+001
 6.4500000000000002E+000  7.2725959608958021E+001
 6.5000000000000000E+000  7.1159514245920690E+001
 6.5500000000000007E+000  7.1143138819202221E+001
 6.6000000000000005E+000  7.0352618524614826E+001
 6.6500000000000004E+000  7.1548909104491401E+001
 6.7000000000000002E+000  7.4652877223301871E+001
 6.7500000000000000E+000  8.0537220411321599E+001
 6.8000000000000007E+000  8.6037332362872149E+001
 6.8500000000000005E+000  8.8216704715381695E+001
 6.9000000000000004E+000  8.6496518824761154E+001
 6.9500000000000002E+000  8.5224150331272540E+001
 7.0000000000000000E+000  8.5460731793430895E+001
 7.0500000000000007E+000  8.6529760726596351E+001
 7.1000000000000005E+000  8.6954462395087916E+001
 7.1500000000000004E+000  8.5705692835931288E+001
 7.2000000000000002E+000  8.2778245518644596E+001
 7.2500000000000000E+000  7.7890950544248199E+001
 7.3000000000000007E+000  7.4413589580445858E+001
 7.3500000000000005E+000  7.2669259238081025E+001
 7.4000000000000004E+000  7.2327555721278173E+001
 7.4500000000000002E+000  7.2877398928862291E+001
 7.5000000000000000E+000  7.4921089711053227E+001
 7.5500000000000007E+000  8.0032713507648893E+001
 7.6000000000000005E+000  8.8442401933300744E+001
 7.6500000000000004E+000  1.0046802101195017E+002
 7.7000000000000002E+000  1.1619376764673983E+002
 7.7500000000000000E+000  1.3232504917273988E+002
 7.8000000000000007E+000  1.4081385129092308E+002
 7.8500000000000005E+000  1.4119734840197174E+002
 7.9000000000000004E+000  1.3439140020072813E+002
 7.9500000000000002E+000  1.2793972858867367E+002
 8.0000000000000000E+000  1.2465965530018116E+002
 8.0500000000000007E+000  1.2514564667763962E+002
 8.0999999999999996E+000  1.2649971844530162E+002
 8.1500000000000004E+000  1.2714741381934188E+002
 8.2000000000000011E+000  1.2651795934728398E+002
 8.2500000000000000E+000  1.2229149691554618E+002
 8.3000000000000007E+000  1.1726611645376693E+002
 8.3499999999999996E+000  1.1352146450217532E+002
 8.4000000000000004E+000  1.0959614019192843E+002
 8.4500000000000011E+000  1.0891678883602675E+002
 8.5000000000000000E+000  1.1234755666903132E+002
 8.5500000000000007E+000  1.1880349036465395E+002
 8.5999999999999996E+000  1.2553371988078896E+002
 8.6500000000000004E+000  1.2914905829738024E+002
 8.7000000000000011E+000  1.2513782645145962E+002
 8.7500000000000000E+000  1.1623739274208795E+002
 8.8000000000000007E+000  1.0541294432852887E+002
 8.8499999999999996E+000  9.6853370444238990E+001
 8.9000000000000004E+000  9.0984070521445915E+001
 8.9500000000000011E+000  8.7730715127532235E+001
 9.0000000000000000E+000  8.5844440583972613E+001
 9.0500000000000007E+000  8.4738603216909823E+001
 9.0999999999999996E+000  8.3746501897899194E+001
 9.1500000000000004E+000  8.3264078132543958E+001
 9.2000000000000011E+000  8.3201549630994606E+001
 9.2500000000000000E+000  8.3501253988590122E+001
 9.3000000000000007E+000  8.3101460640557150E+001
 9.3499999999999996E+000  8.3455376998655510E+001
 9.4000000000000004E+000  8.4565856996686861E+001
 9.4500000000000011E+000  8.8374140944756206E+001
 9.5000000000000000E+000  9.1014070541367047E+001
 9.5500000000000007E+000  9.2241215646477869E+001
 9.6000000000000014E+000  9.2071725293112763E+001
 9.6500000000000004E+000  9.1051803470106861E+001
 9.7000000000000011E+000  8.8495782067234600E+001
 9.7500000000000000E+000  8.4216564954621632E+001
 9.8000000000000007E+000  7.8462333999782018E+001
 9.8500000000000014E+000  7.2948494048025069E+001
 9.9000000000000004E+000  6.8339431537263138E+001
 9.9500000000000011E+000  6.5176095954567401E+001
 1.0000000000000000E+001  6.3137471690091139E+001
 1.0050000000000001E+001  6.3427698599798759E+001
 1.0100000000000001E+001  6.4697163877020699E+001
 1.0150000000000000E+001  6.6767871523936336E+001
 1.0200000000000001E+001  6.8456056754449193E+001
 1.0250000000000000E+001  6.7839668383713189E+001
 1.0300000000000001E+001  6.5500356633816764E+001
 1.0350000000000001E+001  6.2854269462540906E+001
 1.0400000000000000E+001  6.1453334030991897E+001
 1.0450000000000001E+001  6.1417364060356270E+001
 1.0500000000000000E+001  6.1850850734712552E+001
 1.0550000000000001E+001  6.3787970896738550E+001
 1.0600000000000001E+001  6.6608864682890683E+001
 1.0650000000000000E+001  7.0135002591856249E+001
 1.0700000000000001E+001  7.3328384294475299E+001
 1.0750000000000000E+001  7.5752440129255675E+001
 1.0800000000000001E+001  7.8062252750473263E+001
 1.0850000000000001E+001  8.0705820728816448E+001
 1.0900000000000000E+001  8.3195296511695489E+001
 1.0950000000000001E+001  8.4130748374503796E+001
 1.1000000000000000E+001  8.5125415172820126E+001
 1.1050000000000001E+001  8.6731104005397015E+001
 1.1100000000000001E+001  8.9065547686100217E+001
 1.1150000000000000E+001  9.0657726755299919E+001
 1.1200000000000001E+001  8.8735689816115169E+001
 1.1250000000000000E+001  8.5369467600445034E+001
 1.1300000000000001E+001  8.2255153052170741E+001
 1.1350000000000001E+001  8.0401643248101095E+001
 1.1400000000000000E+001  8.0427792539725615E+001
 1.1450000000000001E+001  8.1182876856209319E+001
 1.1500000000000000E+001  8.1658781885926871E+001
 1.1550000000000001E+001  8.2655420080094686E+001
 1.1600000000000001E+001  8.3593106931667165E+001
 1.1650000000000000E+001  8.3634400854841203E+001
 1.1700000000000001E+001  8.4258319625865568E+001
 1.1750000000000000E+001  8.3702005683278003E+001
 1.1800000000000001E+001  8.2813196819098408E+001
 1.1850000000000001E+001  8.2226196636406272E+001
 1.1900000000000000E+001  8.2463283456472467E+001
 1.1950000000000001E+001  8.3313362981831517E+001
 1.2000000000000000E+001  8.6047632624545926E+001
 1.2050000000000001E+001  8.9691524258491782E+001
 1.2100000000000001E+001  9.2991289822264918E+001
 1.2150000000000000E+001  9.4303470962879189E+001
 1.2200000000000001E+001  9.3026692680438458E+001
 1.2250000000000000E+001  9.0594380120124498E+001
 1.2300000000000001E+001  8.7397402670818721E+001
 1.2350000000000001E+001  8.4537771106986867E+001
 1.2400000000000000E+001  8.3056125389402780E+001
 1.2450000000000001E+001  8.2202150143955691E+001
 1.2500000000000000E+001  8.0790976104905127E+001
 1.2550000000000001E+001  7.9535805362413356E+001
 1.2600000000000001E+001  7.8640667087211270E+001
 1.2650000000000000E+001  7.8212769826916769E+001
 1.2700000000000001E+001  7.7055917980016872E+001
 1.2750000000000000E+001  7.5986504401427936E+001
 1.2800000000000001E+001  7.5185825738568141E+001
 1.2850000000000001E+001  7.4061262453090905E+001
 1.2900000000000000E+001  7.2545539959733205E+001
 1.2950000000000001E+001  7.2169720869518187E+001
 1.3000000000000000E+001  7.1604475116459298E+001
 1.3050000000000001E+001  7.1136500284353744E+001
 1.3100000000000001E+001  7.1136191089559844E+001
 1.3150000000000000E+001  7.1353293374218808E+001
 1.3200000000000001E+001  7.2935640562233800E+001
 1.3250000000000000E+001  7.5252309685438746E+001
 1.3300000000000001E+001  7.8368806597085026E+001
 1.3350000000000001E+001  8.0894197310582072E+001
 1.3400000000000000E+001  8.2714736569495145E+001
 1.3450000000000001E+001  8.3415613967403118E+001
 1.3500000000000000E+001  8.3011630419809578E+001
 1.3550000000000001E+001  8.0595296431251910E+001
 1.3600000000000001E+001  7.7431571412401425E+001
 1.3650000000000000E+001  7.5293048118022242E+001
 1.3700000000000001E+001  7.3159645042011093E+001
 1.3750000000000000E+001  7.1894562088328499E+001
 1.3800000000000001E+001  7.0724947922276840E+001
 1.3850000000000001E+001  7.0435482124358870E+001
 1.3900000000000000E+001  7.0922569325894202E+001
 1.3950000000000001E+001  7.1059836085675315E+001
 1.4000000000000000E+001  7.1565923089850614E+001
 1.4050000000000001E+001  7.1339884543398313E+001
 1.4100000000000001E+001  7.0223056908991012E+001
 1.4150000000000000E+001  6.9134917259340469E+001
 1.4200000000000001E+001  6.8512600260774448E+001
 1.4250000000000000E+001  6.7733419120497075E+001
 1.4300000000000001E+001  6.6362212625087878E+001
 1.4350000000000001E+001  6.5518662920261619E+001
 1.4400000000000000E+001  6.4491143149375176E+001
 1.4450000000000001E+001  6.3064081584033033E+001
 1.4500000000000000E+001  6.2236764031466933E+001
 1.4550000000000001E+001  6.2012485942647807E+001
 1.4600000000000001E+001  6.1982538882810722E+001
 1.4650000000000000E+001  6.2240308832435588E+001
 1.4700000000000001E+001  6.2366608070048621E+001
 1.4750000000000000E+001  6.2439845670926999E+001
 1.4800000000000001E+001  6.3227599441895279E+001
 1.4850000000000001E+001  6.3888061063518279E+001
 1.4900000000000000E+001  6.4494295989314452E+001
 1.4950000000000001E+001  6.3626053231909850E+001
 1.5000000000000000E+001  6.2520213038769036E+001
 1.5050000000000001E+001  6.1611630924458687E+001
 1.5100000000000001E+001  6.0742571842930971E+001
 1.5150000000000000E+001  6.0758914424462205E+001
 1.5200000000000001E+001  6.1605444422626420E+001
 1.5250000000000000E+001  6.2257527699239468E+001
 1.5300000000000001E+001  6.2559938999060307E+001
 1.5350000000000001E+001  6.2891427572108967E+001
 1.5400000000000000E+001  6.3000402996091168E+001
 1.5450000000000001E+001  6.2858683056801411E+001
 1.5500000000000000E+001  6.3310640955424887E+001
 1.5550000000000001E+001  6.3850828144070917E+001
 1.5600000000000001E+001  6.4368698776522223E+001
 1.5650000000000000E+001  6.4484519749584010E+001
 1.5700000000000001E+001  6.3779181042335509E+001
 1.5750000000000000E+001  6.2669270762960856E+001
 1.5800000000000001E+001  6.1906222913532091E+001
 1.5850000000000001E+001  6.1830676217341292E+001
 1.5900000000000000E+001  6.2273096602290103E+001
 1.5950000000000001E+001  6.2706159931272786E+001
 1.6000000000000000E+001  6.2294749510535482E+001
 1.6050000000000001E+001  6.2411266211331217E+001
 1.6100000000000001E+001  6.3039572754081028E+001
 1.6150000000000002E+001  6.4439424377577893E+001
 1.6199999999999999E+001  6.5735952564383126E+001
 1.6250000000000000E+001  6.6422669763995231E+001
 1.6300000000000001E+001  6.6370964546414612E+001
 1.6350000000000001E+001  6.6297915972831248E+001
 1.6400000000000002E+001  6.4860951664088361E+001
 1.6449999999999999E+001  6.3551160234862188E+001
 1.6500000000000000E+001  6.2528295599934459E+001
 1.6550000000000001E+001  6.1714222241914939E+001
 1.6600000000000001E+001  6.0851483669298752E+001
 1.6650000000000002E+001  6.0502100743046277E+001
 1.6699999999999999E+001  6.0551036865990895E+001
 1.6750000000000000E+001  6.1030384395083956E+001
 1.6800000000000001E+001  6.1029707351480120E+001
 1.6850000000000001E+001  6.1685681635677632E+001
 1.6900000000000002E+001  6.1823221374750325E+001
 1.6949999999999999E+001  6.1977000903622056E+001
 1.7000000000000000E+001  6.2422608838634737E+001
 1.7050000000000001E+001  6.3625011070878379E+001
 1.7100000000000001E+001  6.5001519494038746E+001
 1.7150000000000002E+001  6.5868335328945193E+001
 1.7199999999999999E+001  6.5532621491459437E+001
 1.7250000000000000E+001  6.5866766478588289E+001
 1.7300000000000001E+001  6.6522763463063214E+001
 1.7350000000000001E+001  6.7288145773289841E+001
 1.7400000000000002E+001  6.8512897127599857E+001
 1.7449999999999999E+001  6.8613856918143540E+001
 1.7500000000000000E+001  6.8588231528136461E+001
 1.7550000000000001E+001  6.8104467091556430E+001
 1.7600000000000001E+001  6.7401419085563759E+001
 1.7650000000000002E+001  6.6189825939470609E+001
 1.7699999999999999E+001  6.5434502885451707E+001
 1.7750000000000000E+001  6.4900439946463720E+001
 1.7800000000000001E+001  6.4638145868344850E+001
 1.7850000000000001E+001  6.4702838478177085E+001
 1.7900000000000002E+001  6.4842886006038654E+001
 1.7949999999999999E+001  6.5341712034981043E+001
 1.8000000000000000E+001  6.6275880777314370E+001
 1.8050000000000001E+001  6.7103694978745551E+001
 1.8100000000000001E+001  6.7439154487406057E+001
 1.8150000000000002E+001  6.7098158181931126E+001
 1.8199999999999999E+001  6.7076171568016449E+001
 1.8250000000000000E+001  6.7437391887715251E+001
 1.8300000000000001E+001  6.7546197875538994E+001
 1.8350000000000001E+001  6.7488292421728445E+001
 1.8400000000000002E+001  6.7024016120035000E+001
 1.8449999999999999E+001  6.6645203929604605E+001
 1.8500000000000000E+001  6.6942822776262943E+001
 1.8550000000000001E+001  6.6686777337406923E+001
 1.8600000000000001E+001  6.7284360729289517E+001
 1.8650000000000002E+001  6.8384620417495526E+001
 1.8699999999999999E+001  6.9444204795312899E+001
 1.8750000000000000E+001  7.0044989114701693E+001
 1.8800000000000001E+001  7.0706824007765391E+001
 1.8850000000000001E+001  7.1409991684904000E+001
 1.8900000000000002E+001  7.1901418353504141E+001
 1.8949999999999999E+001  7.1988159423768764E+001
 1.9000000000000000E+001  7.1599812168528430E+001
 1.9050000000000001E+001  7.1249320782107048E+001
 1.9100000000000001E+001  7.1380296928719929E+001
 1.9150000000000002E+001  7.1597723903745887E+001
 1.9200000000000003E+001  7.1245432659219958E+001
 1.9250000000000000E+001  7.0953807955662356E+001
 1.9300000000000001E+001  7.0473204233826948E+001
 1.9350000000000001E+001  6.9754821344906404E+001
 1.9400000000000002E+001  6.8697784101308983E+001
 1.9450000000000003E+001  6.8846103735443606E+001
 1.9500000000000000E+001  6.8747508795814241E+001
 1.9550000000000001E+001  6.8484002405675540E+001
 1.9600000000000001E+001  6.7688746368374240E+001
 1.9650000000000002E+001  6.5984118133375247E+001
 1.9700000000000003E+001  6.4924277421926419E+001
 1.9750000000000000E+001  6.4676328130777378E+001
 1.9800000000000001E+001  6.4626005182867274E+001
 1.9850000000000001E+001  6.4750303952795775E+001
 1.9900000000000002E+001  6.5819374521167887E+001
 1.9950000000000003E+001  6.7293272625468120E+001
 2.0000000000000000E+001  6.7659937329672758E+001
 2.0050000000000001E+001  6.7122186153728464E+001
 2.0100000000000001E+001  6.6509419416635737E+001
 2.0150000000000002E+001  6.6575560486518924E+001
 2.0200000000000003E+001  6.6849200019884847E+001
 2.0250000000000000E+001  6.6371252761965678E+001
 2.0300000000000001E+001  6.5159364542939912E+001
 2.0350000000000001E+001  6.4933246656933775E+001
 2.0400000000000002E+001  6.4990216635010526E+001
 2.0450000000000003E+001  6.4699575495410542E+001
 2.0500000000000000E+001  6.4642573556565523E+001
 2.0550000000000001E+001  6.4182078276345095E+001
 2.0600000000000001E+001  6.4076734071496247E+001
 2.0650000000000002E+001  6.3868815044198712E+001
 2.0700000000000003E+001  6.4194577972603298E+001
 2.0750000000000000E+001  6.4613605805585223E+001
 2.0800000000000001E+001  6.4928391820628320E+001
 2.0850000000000001E+001  6.5397909148895977E+001
 2.0900000000000002E+001  6.5665835891542201E+001
 2.0950000000000003E+001  6.6011362067156441E+001
 2.1000000000000000E+001  6.6497005294889021E+001
 2.1050000000000001E+001  6.6939206707419771E+001
 2.1100000000000001E+001  6.8710107781570670E+001
 2.1150000000000002E+001  7.0423376597161337E+001
 2.1200000000000003E+001  7.1406313161412470E+001
 2.1250000000000000E+001  7.3222388439316532E+001
 2.1300000000000001E+001  7.4020043999000876E+001
 2.1350000000000001E+001  7.3896156532738189E+001
 2.1400000000000002E+001  7.3614334397280373E+001
 2.1450000000000003E+001  7.3711474897963768E+001
 2.1500000000000000E+001  7.3361776171945181E+001
 2.1550000000000001E+001  7.2709116786726739E+001
 2.1600000000000001E+001  7.2211681354356116E+001
 2.1650000000000002E+001  7.1731125634093218E+001
 2.1700000000000003E+001  7.0910116219953110E+001
 2.1750000000000000E+001  7.0444172437780509E+001
 2.1800000000000001E+001  7.0061900006705770E+001
 2.1850000000000001E+001  6.9844012648473637E+001
 2.1900000000000002E+001  6.9158634868239190E+001
 2.1950000000000003E+001  6.8956147943030004E+001
 2.2000000000000000E+001  6.9823093475154607E+001
 2.2050000000000001E+001  7.0268775027710532E+001
 2.2100000000000001E+001  6.9958644747183442E+001
 2.2150000000000002E+001  6.9533745374383514E+001
 2.2200000000000003E+001  6.8449624191450965E+001
 2.2250000000000000E+001  6.7707107940207948E+001
 2.2300000000000001E+001  6.6528920878713052E+001
 2.2350000000000001E+001  6.5828644605562090E+001
 2.2400000000000002E+001  6.4683337389840858E+001
 2.2450000000000003E+001  6.4387192322142511E+001
 2.2500000000000000E+001  6.3894238329349108E+001
 2.2550000000000001E+001  6.3550439366535855E+001
 2.2600000000000001E+001  6.3417627029773421E+001
 2.2650000000000002E+001  6.3012855234860638E+001
 2.2700000000000003E+001  6.2987291122298792E+001
 2.2750000000000000E+001  6.2994807419661512E+001
 2.2800000000000001E+001  6.2459505868472306E+001
 2.2850000000000001E+001  6.2800268472969165E+001
 2.2900000000000002E+001  6.2779702356771132E+001
 2.2950000000000003E+001  6.3037804463222770E+001
 2.3000000000000000E+001  6.3497778224095718E+001
 2.3050000000000001E+001  6.3581563641938665E+001
 2.3100000000000001E+001  6.3628890230711377E+001
 2.3150000000000002E+001  6.3129581399646014E+001
 2.3200000000000003E+001  6.3156796985226968E+001
 2.3250000000000000E+001  6.2593380259800604E+001
 2.3300000000000001E+001  6.1672242327317008E+001
 2.3350000000000001E+001  6.0324606471205037E+001
 2.3400000000000002E+001  5.9158950189832694E+001
 2.3450000000000003E+001  5.8841652428194344E+001
 2.3500000000000000E+001  5.8600090275861000E+001
 2.3550000000000001E+001  5.8705343431472919E+001
 2.3600000000000001E+001  5.8753508104878058E+001
 2.3650000000000002E+001  5.8657706565626235E+001
 2.3700000000000003E+001  5.8431811780839062E+001
 2.3750000000000000E+001  5.8051140347751385E+001
 2.3800000000000001E+001  5.7609227862235578E+001
 2.3850000000000001E+001  5.6996307520057471E+001
 2.3900000000000002E+001  5.6783461224039620E+001
 2.3950000000000003E+001  5.6811051810194982E+001
 2.4000000000000000E+001  5.6769626261179106E+001
 2.4050000000000001E+001  5.7080763182503532E+001
 2.4100000000000001E+001  5.7085907172655894E+001
 2.4150000000000002E+001  5.6839701689002545E+001
 2.4200000000000003E+001  5.6499908168095430E+001
 2.4250000000000000E+001  5.6012308739049985E+001
 2.4300000000000001E+001  5.6046661391850343E+001
 2.4350000000000001E+001  5.6027506744831612E+001
 2.4400000000000002E+001  5.5395909551908687E+001
 2.4450000000000003E+001  5.5232568079881943E+001
 2.4500000000000000E+001  5.4997206519916560E+001
 2.4550000000000001E+001  5.4047713497064024E+001
 2.4600000000000001E+001  5.3717579898539320E+001
 2.4650000000000002E+001  5.3662791908986144E+001
 2.4700000000000003E+001  5.3140840928755878E+001
 2.4750000000000000E+001  5.2793019367728846E+001
 2.4800000000000001E+001  5.2561562044119817E+001
 2.4850000000000001E+001  5.2964178804315019E+001
 2.4900000000000002E+001  5.2728757516141599E+001
 2.4950000000000003E+001  5.2402615266541709E+001
 2.5000000000000000E+001  5.2722794607020525E+001
 2.5050000000000001E+001  5.2216055981464287E+001
 2.5100000000000001E+001  5.2016428942207348E+001
 2.5150000000000002E+001  5.1760791640342212E+001
 2.5200000000000003E+001  5.0990898253393496E+001
 2.5250000000000000E+001  5.0442799939334783E+001
 2.5300000000000001E+001  4.9918377874693320E+001
 2.5350000000000001E+001  4.9549921299743005E+001
 2.5400000000000002E+001  4.9209809035284820E+001
 2.5450000000000003E+001  4.9278400709000707E+001
 2.5500000000000000E+001  4.9488671619644435E+001
 2.5550000000000001E+001  4.9894167376759789E+001
 2.5600000000000001E+001  4.9859570186184399E+001
 2.5650000000000002E+001  4.9647721999532763E+001
 2.5700000000000003E+001  5.0014500995879096E+001
 2.5750000000000000E+001  5.0013906732049783E+001
 2.5800000000000001E+001  4.9629583651209430E+001
 2.5850000000000001E+001  4.9266244696703744E+001
 2.5900000000000002E+001  4.9334611691941191E+001
 2.5950000000000003E+001  4.8961796728227526E+001
 2.6000000000000000E+001  4.8449574696622157E+001
 2.6050000000000001E+001  4.7777382210367101E+001
 2.6100000000000001E+001  4.7799638051759366E+001
 2.6150000000000002E+001  4.7802854145460593E+001
 2.6200000000000003E+001  4.7320323628004289E+001
 2.6250000000000000E+001  4.7071410930936764E+001
 2.6300000000000001E+001  4.7035086301866052E+001
 2.6350000000000001E+001  4.7164532938378066E+001
 2.6400000000000002E+001  4.7208937819379059E+001
 2.6450000000000003E+001  4.6916695048796903E+001
 2.6500000000000000E+001  4.6659851505405818E+001
 2.6550000000000001E+001  4.6661719450805883E+001
 2.6600000000000001E+001  4.6681323988322809E+001
 2.6650000000000002E+001  4.6542379496524511E+001
 2.6700000000000003E+001  4.6630711324794824E+001
 2.6750000000000000E+001  4.6683458066084782E+001
 2.6800000000000001E+001  4.6780035137601303E+001
 2.6850000000000001E+001  4.6415620574362030E+001
 2.6900000000000002E+001  4.6074189362982281E+001
 2.6950000000000003E+001  4.5898785498976103E+001
 2.7000000000000000E+001  4.5408719570622438E+001
 2.7050000000000001E+001  4.5134997690960077E+001
 2.7100000000000001E+001  4.4819416076183806E+001
 2.7150000000000002E+001  4.4461140618500799E+001
 2.7200000000000003E+001  4.4353480903920250E+001
 2.7250000000000000E+001  4.4492154779611802E+001
 2.7300000000000001E+001  4.4037819262691691E+001
 2.7350000000000001E+001  4.3889644836919061E+001
 2.7400000000000002E+001  4.3557080112817196E+001
 2.7450000000000003E+001  4.3163112423151624E+001
 2.7500000000000000E+001  4.3209426163744325E+001
 2.7550000000000001E+001  4.3288080963036840E+001
 2.7600000000000001E+001  4.3095602219397271E+001
 2.7650000000000002E+001  4.2945557468511289E+001
 2.7700000000000003E+001  4.2421811176828690E+001
 2.7750000000000000E+001  4.1958430549065206E+001
 2.7800000000000001E+001  4.1783843042867758E+001
 2.7850000000000001E+001  4.1946878849860795E+001
 2.7900000000000002E+001  4.1781709749443941E+001
 2.7950000000000003E+001  4.1750577610971966E+001
 2.8000000000000000E+001  4.1563874302490177E+001
 2.8050000000000001E+001  4.1383165845543772E+001
 2.8100000000000001E+001  4.1104569835192471E+001
 2.8150000000000002E+001  4.1569647693531444E+001
 2.8200000000000003E+001  4.1608389717781307E+001
 2.8250000000000000E+001  4.1191554139651501E+001
 2.8300000000000001E+001  4.1177921066107800E+001
 2.8350000000000001E+001  4.1303583121505440E+001
 2.8400000000000002E+001  4.0933525143881255E+001
 2.8450000000000003E+001  4.0440270017272653E+001
 2.8500000000000000E+001  4.0805919943307515E+001
 2.8550000000000001E+001  4.0388282919002421E+001
 2.8600000000000001E+001  4.0155351702909023E+001
 2.8650000000000002E+001  4.0064548693074471E+001
 2.8700000000000003E+001  3.9524223638579450E+001
 2.8750000000000000E+001  3.9859395296660708E+001
 2.8800000000000001E+001  3.9646170947282776E+001
 2.8850000000000001E+001  3.9631996815396398E+001
 2.8900000000000002E+001  3.9485744945854918E+001
 2.8950000000000003E+001  3.9562664915424030E+001
 2.9000000000000000E+001  4.0214181321967644E+001
 2.9050000000000001E+001  4.0069409582858682E+001
 2.9100000000000001E+001  3.9923187342471003E+001
 2.9150000000000002E+001  3.9809022767683118E+001
 2.9200000000000003E+001  3.9495848293695815E+001
 2.9250000000000000E+001  3.9186914008933634E+001
 2.9300000000000001E+001  3.8865082140507077E+001
 2.9350000000000001E+001  3.8943300800294757E+001
 2.9400000000000002E+001  3.9136526742132141E+001
 2.9450000000000003E+001  3.9228454069033297E+001
 2.9500000000000000E+001  3.8844668361240736E+001
 2.9550000000000001E+001  3.8630557018632317E+001
 2.9600000000000001E+001  3.8866889790352595E+001
 2.9650000000000002E+001  3.8991975944384443E+001
 2.9700000000000003E+001  3.8797220195734027E+001
 2.9750000000000000E+001  3.8667602012246597E+001
 2.9800000000000001E+001  3.9038425489249903E+001
 2.9850000000000001E+001  3.9058591376560237E+001
 2.9900000000000002E+001  3.9139454965372920E+001
 2.9950000000000003E+001  3.8893312298394861E+001
 3.0000000000000000E+001  3.8461430763437541E+001
 3.0050000000000001E+001  3.8743338884779440E+001
 3.0100000000000001E+001  3.8762631428930057E+001
 3.0150000000000002E+001  3.8471855263328827E+001
 3.0200000000000003E+001  3.8316820794830825E+001
 3.0250000000000000E+001  3.8610601745268561E+001
 3.0300000000000001E+001  3.8774964941460624E+001
 3.0350000000000001E+001  3.8240360015784319E+001
 3.0400000000000002E+001  3.8195472580808186E+001
 3.0450000000000003E+001  3.8425046354013517E+001
 3.0500000000000000E+001  3.8361528276547418E+001
 3.0550000000000001E+001  3.8402976615711317E+001
 3.0600000000000001E+001  3.8152925433088271E+001
 3.0650000000000002E+001  3.8328227705193086E+001
 3.0700000000000003E+001  3.8511562185526095E+001
 3.0750000000000000E+001  3.8465952045083867E+001
 3.0800000000000001E+001  3.8480663281741144E+001
 3.0850000000000001E+001  3.8598272538332218E+001
 3.0900000000000002E+001  3.8414392847229891E+001
 3.0950000000000003E+001  3.8276476499491629E+001
 3.1000000000000000E+001  3.8433324616532445E+001
 3.1050000000000001E+001  3.8526876990189514E+001
 3.1100000000000001E+001  3.8699934747487703E+001
 3.1150000000000002E+001  3.8520521284924875E+001
 3.1200000000000003E+001  3.7945198125945979E+001
 3.1250000000000000E+001  3.8055443248320088E+001
 3.1300000000000001E+001  3.8380259425692152E+001
 3.1350000000000001E+001  3.8873049155546916E+001
 3.1400000000000002E+001  3.8757774474385670E+001
 3.1450000000000003E+001  3.8399569873388749E+001
 3.1500000000000000E+001  3.8616624481355643E+001
 3.1550000000000001E+001  3.9151379227807624E+001
 3.1600000000000001E+001  3.9342232489818230E+001
 3.1650000000000002E+001  3.9491841199193871E+001
 3.1700000000000003E+001  3.9647803482717848E+001
 3.1750000000000000E+001  3.9521839010470188E+001
 3.1800000000000001E+001  3.9001039498348909E+001
 3.1850000000000001E+001  3.8773835505627858E+001
 3.1900000000000002E+001  3.9099279389021575E+001
 3.1950000000000003E+001  3.9032532583098508E+001
 3.2000000000000000E+001  3.9244960554362322E+001
 3.2050000000000004E+001  3.9465223703520223E+001
 3.2100000000000001E+001  3.9534005842448558E+001
 3.2149999999999999E+001  3.9871080227306436E+001
 3.2200000000000003E+001  3.9968521010420226E+001
 3.2250000000000000E+001  3.9826927754983799E+001
 3.2300000000000004E+001  3.9473322232650787E+001
 3.2350000000000001E+001  3.9748059466970268E+001
 3.2399999999999999E+001  3.9949447405451572E+001
 3.2450000000000003E+001  3.9864569103816635E+001
 3.2500000000000000E+001  4.0000108281573638E+001
 3.2550000000000004E+001  4.0503681183533878E+001
 3.2600000000000001E+001  4.0589659065601758E+001
 3.2649999999999999E+001  4.0262307173511992E+001
 3.2700000000000003E+001  4.0042531894796774E+001
 3.2750000000000000E+001  4.0489097215426426E+001
 3.2800000000000004E+001  4.0258338494223018E+001
 3.2850000000000001E+001  4.0037959656061673E+001
 3.2899999999999999E+001  4.0631821043015144E+001
 3.2950000000000003E+001  4.0560724594729805E+001
 3.3000000000000000E+001  4.0880230248781146E+001
 3.3050000000000004E+001  4.0686426847997680E+001
 3.3100000000000001E+001  4.0749520405663837E+001
 3.3149999999999999E+001  4.0180847914397077E+001
 3.3200000000000003E+001  4.0277577081539931E+001
 3.3250000000000000E+001  4.0403628113335564E+001
 3.3300000000000004E+001  3.9988707755179213E+001
 3.3350000000000001E+001  3.9306864095199927E+001
 3.3399999999999999E+001  3.9270298066225237E+001
 3.3450000000000003E+001  3.9206644696086236E+001
 3.3500000000000000E+001  3.9081679194922174E+001
 3.3550000000000004E+001  3.8886530010795575E+001
 3.3600000000000001E+001  3.8881237877916924E+001
 3.3649999999999999E+001  3.9020301627638560E+001
 3.3700000000000003E+001  3.8602533896755475E+001
 3.3750000000000000E+001  3.9280033875156157E+001
 3.3800000000000004E+001  3.9056081295876005E+001
 3.3850000000000001E+001  3.8802735790809123E+001
 3.3899999999999999E+001  3.9108144032386100E+001
 3.3950000000000003E+001  3.9361921882000438E+001
 3.4000000000000000E+001  3.8913464952017591E+001
 3.4050000000000004E+001  3.9199443805415200E+001
 3.4100000000000001E+001  3.9330281183106308E+001
 3.4149999999999999E+001  3.9414747514651552E+001
 3.4200000000000003E+001  3.9095551148598979E+001
 3.4250000000000000E+001  3.8210718773342940E+001
 3.4300000000000004E+001  3.8475195201590779E+001
 3.4350000000000001E+001  3.8419402666132264E+001
 3.4399999999999999E+001  3.8037212161695223E+001
 3.4450000000000003E+001  3.8060928925280500E+001
 3.4500000000000000E+001  3.8216670723837687E+001
 3.4550000000000004E+001  3.8577214172155195E+001
 3.4600000000000001E+001  3.8511339360268870E+001
 3.4649999999999999E+001  3.8105276090559428E+001
 3.4700000000000003E+001  3.8153906184608786E+001
 3.4750000000000000E+001  3.8130911639140692E+001
 3.4800000000000004E+001  3.7888598559402595E+001
 3.4850000000000001E+001  3.8053688498482124E+001
 3.4899999999999999E+001  3.7794165700603997E+001
 3.4950000000000003E+001  3.7694548091789706E+001
 3.5000000000000000E+001  3.7857764619331860E+001
 3.5050000000000004E+001  3.8044715118942570E+001
 3.5100000000000001E+001  3.8347210483605089E+001
 3.5149999999999999E+001  3.8156810578147542E+001
 3.5200000000000003E+001  3.7601095701160105E+001
 3.5250000000000000E+001  3.7969272554025011E+001
 3.5300000000000004E+001  3.7731298275381199E+001
 3.5350000000000001E+001  3.7826300587550875E+001
 3.5399999999999999E+001  3.7854967106380911E+001
 3.5450000000000003E+001  3.7464049593542491E+001
 3.5500000000000000E+001  3.7645589886186968E+001
 3.5550000000000004E+001  3.7309171995253188E+001
 3.5600000000000001E+001  3.6731819690806063E+001
 3.5649999999999999E+001  3.6605358693433487E+001
 3.5700000000000003E+001  3.6528105897684107E+001
 3.5750000000000000E+001  3.6437430521685748E+001
 3.5800000000000004E+001  3.6843511529771121E+001
 3.5850000000000001E+001  3.6391260949710244E+001
 3.5899999999999999E+001  3.5948968519883294E+001
 3.5950000000000003E+001  3.6286867287179497E+001
 3.6000000000000000E+001  3.6540534976410477E+001
 3.6050000000000004E+001  3.6224792946482324E+001
 3.6100000000000001E+001  3.6013616054869033E+001
 3.6149999999999999E+001  3.5536201032575256E+001
 3.6200000000000003E+001  3.5513047009449927E+001
 3.6250000000000000E+001  3.5581671462197079E+001
 3.6300000000000004E+001  3.5643949108301562E+001
 3.6350000000000001E+001  3.5974840320033032E+001
 3.6399999999999999E+001  3.6220147576199281E+001
 3.6450000000000003E+001  3.5476377240439774E+001
 3.6500000000000000E+001  3.5250742686862260E+001
 3.6550000000000004E+001  3.5762481462708848E+001
 3.6600000000000001E+001  3.6087656276274494E+001
 3.6649999999999999E+001  3.5579708449722105E+001
 3.6700000000000003E+001  3.5630500573886088E+001
 3.6750000000000000E+001  3.6212368629875606E+001
 3.6800000000000004E+001  3.5564804415429364E+001
 3.6850000000000001E+001  3.5894278422874166E+001
 3.6899999999999999E+001  3.5780940029407162E+001
 3.6950000000000003E+001  3.5212409905073535E+001
 3.7000000000000000E+001  3.5283687977891276E+001
 3.7050000000000004E+001  3.5089324225823226E+001
 3.7100000000000001E+001  3.5101813054451576E+001
 3.7149999999999999E+001  3.4992585144116006E+001
 3.7200000000000003E+001  3.4478173474493886E+001
 3.7250000000000000E+001  3.4857623600456691E+001
 3.7300000000000004E+001  3.4427296925927187E+001
 3.7350000000000001E+001  3.4073094903007743E+001
 3.7399999999999999E+001  3.4549619711470626E+001
 3.7450000000000003E+001  3.4916837789323829E+001
 3.7500000000000000E+001  3.4569497540658439E+001
 3.7550000000000004E+001  3.5189860646842824E+001
 3.7600000000000001E+001  3.4509771453776565E+001
 3.7649999999999999E+001  3.3914924461839028E+001
 3.7700000000000003E+001  3.4972264512198024E+001
 3.7750000000000000E+001  3.5146098348933336E+001
 3.7800000000000004E+001  3.4622489266220313E+001
 3.7850000000000001E+001  3.4600806698077768E+001
 3.7899999999999999E+001  3.4278024017742950E+001
 3.7950000000000003E+001  3.3958852429231889E+001
 3.8000000000000000E+001  3.3218232458058324E+001
 3.8050000000000004E+001  3.3435195192391781E+001
 3.8100000000000001E+001  3.4396406943173481E+001
 3.8149999999999999E+001  3.3206767201498110E+001
 3.8200000000000003E+001  3.3127224115050225E+001
 3.8250000000000000E+001  3.2797044149410212E+001
 3.8300000000000004E+001  3.3264738263934341E+001
 3.8350000000000001E+001  3.3927418897172295E+001
 3.8400000000000006E+001  3.4236104618918255E+001
 3.8450000000000003E+001  3.3705337468935483E+001
 3.8500000000000000E+001  3.3261973379819480E+001
 3.8550000000000004E+001  3.3244891265476333E+001
 3.8600000000000001E+001  3.2653943562493723E+001
 3.8650000000000006E+001  3.3082172516597076E+001
 3.8700000000000003E+001  3.3557271177893526E+001
 3.8750000000000000E+001  3.3759913573480873E+001
 3.8800000000000004E+001  3.2679122253031039E+001
 3.8850000000000001E+001  3.2703710479029496E+001
 3.8900000000000006E+001  3.3413022289186131E+001
 3.8950000000000003E+001  3.2211629474680386E+001
 3.9000000000000000E+001  3.2396070285307808E+001
 3.9050000000000004E+001  3.1932842963903024E+001
 3.9100000000000001E+001  3.2339120404326309E+001
 3.9150000000000006E+001  3.2828936269036113E+001
 3.9200000000000003E+001  3.2660537741927385E+001
 3.9250000000000000E+001  3.2305245103065651E+001
 3.9300000000000004E+001  3.1933715743601486E+001
 3.9350000000000001E+001  3.1796628074993261E+001
 3.9400000000000006E+001  3.1672667344957212E+001
 3.9450000000000003E+001  3.1469222717649497E+001
 3.9500000000000000E+001  3.1352958505325180E+001
 3.9550000000000004E+001  3.2278965586048280E+001
 3.9600000000000001E+001  3.3660181629657316E+001
 3.9650000000000006E+001  3.3643555304877601E+001
 3.9700000000000003E+001  3.3216633996976455E+001
 3.9750000000000000E+001  3.2858364949931762E+001
 3.9800000000000004E+001  3.2671465970166253E+001
 3.9850000000000001E+001  3.2222285869680114E+001
 3.9900000000000006E+001  3.2535610346326720E+001
 3.9950000000000003E+001  3.1783575036741507E+001
 4.0000000000000000E+001  3.1863315375153071E+001
 4.0050000000000004E+001  3.2567096191599319E+001
 4.0100000000000001E+001  3.2497945636976858E+001
 4.0150000000000006E+001  3.1254739152536338E+001
 4.0200000000000003E+001  3.0519993886248969E+001
 4.0250000000000000E+001  3.0974283377354585E+001
 4.0300000000000004E+001  3.0190147785208307E+001
 4.0350000000000001E+001  3.0697517016102072E+001
 4.0400000000000006E+001  3.2699114792333482E+001
 4.0450000000000003E+001  3.3254865658906951E+001
 4.0500000000000000E+001  3.1889398455157636E+001
 4.0550000000000004E+001  3.2089373952363736E+001
 4.0600000000000001E+001  3.0795314006751074E+001
 4.0650000000000006E+001  3.1203580179775507E+001
 4.0700000000000003E+001  3.1090493491248996E+001
 4.0750000000000000E+001  3.1869299253454333E+001
 4.0800000000000004E+001  3.3022948421764013E+001
 4.0850000000000001E+001  3.3513839333311871E+001
 4.0900000000000006E+001  3.2060410386671521E+001
 4.0950000000000003E+001  3.2818237720468773E+001
 4.1000000000000000E+001  3.2346339567315987E+001
 4.1050000000000004E+001  3.4812910963257792E+001
 4.1100000000000001E+001  3.0417620865931919E+001
 4.1150000000000006E+001  3.0705364918008765E+001
 4.1200000000000003E+001  2.8807700485217143E+001
 4.1250000000000000E+001  4.2323560594120408E+001
