 2.4000000000000004E+000  1.3622685898618226E+001
 2.4500000000000002E+000  1.2520480384597031E+001
 2.5000000000000000E+000  1.3675644396944740E+001
 2.5500000000000003E+000  1.4745085164752441E+001
 2.6000000000000001E+000  1.7355700239495658E+001
 2.6500000000000004E+000  1.9805051834398885E+001
 2.7000000000000002E+000  2.4783841613388031E+001
 2.7500000000000000E+000  4.3688427403010870E+001
 2.8000000000000003E+000  1.1263270565404603E+002
 2.8500000000000001E+000  2.4562003001702743E+002
 2.9000000000000004E+000  3.7337249476687379E+002
 2.9500000000000002E+000  5.1588376181071806E+002
 3.0000000000000000E+000  6.7111172752550101E+002
 3.0500000000000003E+000  7.5111557266479770E+002
 3.1000000000000001E+000  7.2072746288806570E+002
 3.1500000000000004E+000  5.6999200165975651E+002
 3.2000000000000002E+000  3.8570570583358892E+002
 3.2500000000000000E+000  2.6367882909186761E+002
 3.3000000000000003E+000  2.0110439305321941E+002
 3.3500000000000001E+000  1.7974827603195965E+002
 3.4000000000000004E+000  1.8955984238078861E+002
 3.4500000000000002E+000  2.1961122165776445E+002
 3.5000000000000000E+000  2.7519506114859297E+002
 3.5500000000000003E+000  3.2455488194290433E+002
 3.6000000000000001E+000  3.1304866866405115E+002
 3.6500000000000004E+000  2.5382416154114176E+002
 3.7000000000000002E+000  2.0710431456041582E+002
 3.7500000000000000E+000  1.8815117774054201E+002
 3.8000000000000003E+000  1.9478716128970717E+002
 3.8500000000000001E+000  2.1054782353034497E+002
 3.9000000000000004E+000  2.2752622490788249E+002
 3.9500000000000002E+000  2.0881755155379338E+002
 4.0000000000000000E+000  1.6911935245518066E+002
 4.0499999999999998E+000  1.2913631526114415E+002
 4.1000000000000005E+000  9.4542633430572096E+001
 4.1500000000000004E+000  6.9638658257007492E+001
 4.2000000000000002E+000  5.4517333387910988E+001
 4.2500000000000000E+000  4.4620825039864819E+001
 4.2999999999999998E+000  3.7858644311692260E+001
 4.3500000000000005E+000  3.3503870096170751E+001
 4.4000000000000004E+000  3.1441821534871952E+001
 4.4500000000000002E+000  3.1280202985289321E+001
 4.5000000000000000E+000  3.3322359896351415E+001
 4.5499999999999998E+000  3.5780562353298137E+001
 4.6000000000000005E+000  3.8679205376546392E+001
 4.6500000000000004E+000  4.0828896548769649E+001
 4.7000000000000002E+000  4.2975256334231204E+001
 4.7500000000000000E+000  4.6268599702356539E+001
 4.8000000000000007E+000  5.0917431014008073E+001
 4.8500000000000005E+000  5.4514732345862868E+001
 4.9000000000000004E+000  5.3007790238938590E+001
 4.9500000000000002E+000  4.9840497882941335E+001
 5.0000000000000000E+000  4.6624746499024482E+001
 5.0500000000000007E+000  4.6778201060462720E+001
 5.1000000000000005E+000  5.1743746203445262E+001
 5.1500000000000004E+000  6.2217193073810606E+001
 5.2000000000000002E+000  7.5887286173677978E+001
 5.2500000000000000E+000  9.1028091503113899E+001
 5.3000000000000007E+000  1.0483245118633663E+002
 5.3500000000000005E+000  1.1245126017590796E+002
 5.4000000000000004E+000  1.1238932098034856E+002
 5.4500000000000002E+000  1.0490461265360712E+002
 5.5000000000000000E+000  9.4263911774286385E+001
 5.5500000000000007E+000  8.4379404620961580E+001
 5.6000000000000005E+000  7.9159518741390173E+001
 5.6500000000000004E+000  7.7059756820167465E+001
 5.7000000000000002E+000  7.8216920158002281E+001
 5.7500000000000000E+000  8.0310648892961964E+001
 5.8000000000000007E+000  8.5610256938457979E+001
 5.8500000000000005E+000  9.8320353254817235E+001
 5.9000000000000004E+000  1.1895410806567124E+002
 5.9500000000000002E+000  1.3905718755204535E+002
 6.0000000000000000E+000  1.5489270154070610E+002
 6.0500000000000007E+000  1.6054600271640146E+002
 6.1000000000000005E+000  1.5523968247083394E+002
 6.1500000000000004E+000  1.4170510336942309E+002
 6.2000000000000002E+000  1.2305139092483768E+002
 6.2500000000000000E+000  1.0389853670718840E+002
 6.3000000000000007E+000  8.9306593103135640E+001
 6.3500000000000005E+000  7.9973064495038187E+001
 6.4000000000000004E+000  7.3130893819532815E+001
 6.4500000000000002E+000  6.9449716568212125E+001
 6.5000000000000000E+000  6.8202230354865279E+001
 6.5500000000000007E+000  6.7008146742518761E+001
 6.6000000000000005E+000  6.6220728811865499E+001
 6.6500000000000004E+000  6.6245406354845173E+001
 6.7000000000000002E+000  6.8644248269161452E+001
 6.7500000000000000E+000  7.2980873286630867E+001
 6.8000000000000007E+000  7.8073193131542070E+001
 6.8500000000000005E+000  8.4549551749953167E+001
 6.9000000000000004E+000  8.8095514678535366E+001
 6.9500000000000002E+000  8.6394916155605969E+001
 7.0000000000000000E+000  8.1559617214251716E+001
 7.0500000000000007E+000  7.7121645883026090E+001
 7.1000000000000005E+000  7.4364152290622258E+001
 7.1500000000000004E+000  7.3290376824277374E+001
 7.2000000000000002E+000  7.2018481089347645E+001
 7.2500000000000000E+000  6.9884582765527881E+001
 7.3000000000000007E+000  6.8302240333180706E+001
 7.3500000000000005E+000  6.6992482274330428E+001
 7.4000000000000004E+000  6.7015166192844958E+001
 7.4500000000000002E+000  6.9247190842110925E+001
 7.5000000000000000E+000  7.3365766820980497E+001
 7.5500000000000007E+000  7.8643588341216912E+001
 7.6000000000000005E+000  8.5862150977354972E+001
 7.6500000000000004E+000  9.5164587000265570E+001
 7.7000000000000002E+000  1.0607834327077310E+002
 7.7500000000000000E+000  1.1656774790888943E+002
 7.8000000000000007E+000  1.2626781650995565E+002
 7.8500000000000005E+000  1.3473325968303689E+002
 7.9000000000000004E+000  1.4184496103452946E+002
 7.9500000000000002E+000  1.4585702224067848E+002
 8.0000000000000000E+000  1.5087471046786101E+002
 8.0500000000000007E+000  1.5625019491078444E+002
 8.0999999999999996E+000  1.6016995374394878E+002
 8.1500000000000004E+000  1.6023100028773462E+002
 8.2000000000000011E+000  1.5621122269114608E+002
 8.2500000000000000E+000  1.5054380861751693E+002
 8.3000000000000007E+000  1.4541607632046581E+002
 8.3499999999999996E+000  1.4168126001370197E+002
 8.4000000000000004E+000  1.3707429036740737E+002
 8.4500000000000011E+000  1.3380316409246333E+002
 8.5000000000000000E+000  1.3334112966658077E+002
 8.5500000000000007E+000  1.3454724203830821E+002
 8.5999999999999996E+000  1.3656816180089626E+002
 8.6500000000000004E+000  1.3536894993395887E+002
 8.7000000000000011E+000  1.3041204619370100E+002
 8.7500000000000000E+000  1.2362811193921760E+002
 8.8000000000000007E+000  1.1613888370987877E+002
 8.8499999999999996E+000  1.1066456372079278E+002
 8.9000000000000004E+000  1.0805472648361653E+002
 8.9500000000000011E+000  1.0744822905627849E+002
 9.0000000000000000E+000  1.0798476918440937E+002
 9.0500000000000007E+000  1.0596515548066213E+002
 9.0999999999999996E+000  1.0120131080184693E+002
 9.1500000000000004E+000  9.5470131313656807E+001
 9.2000000000000011E+000  8.8998334309709122E+001
 9.2500000000000000E+000  8.2767629980141393E+001
 9.3000000000000007E+000  7.8355012614348723E+001
 9.3499999999999996E+000  7.5906015351803248E+001
 9.4000000000000004E+000  7.4017590618523116E+001
 9.4500000000000011E+000  7.2678892010535563E+001
 9.5000000000000000E+000  7.1502884569345156E+001
 9.5500000000000007E+000  7.0359150067152015E+001
 9.6000000000000014E+000  6.8978527193239898E+001
 9.6500000000000004E+000  6.7620752624120115E+001
 9.7000000000000011E+000  6.5830939997648684E+001
 9.7500000000000000E+000  6.4600113943871577E+001
 9.8000000000000007E+000  6.3437761610252245E+001
 9.8500000000000014E+000  6.2742453280255944E+001
 9.9000000000000004E+000  6.1134817576147661E+001
 9.9500000000000011E+000  5.9771948633183420E+001
 1.0000000000000000E+001  5.9406126422474721E+001
 1.0050000000000001E+001  6.0207584845129226E+001
 1.0100000000000001E+001  6.0445440677206825E+001
 1.0150000000000000E+001  6.0885994158463056E+001
 1.0200000000000001E+001  6.0959019879163456E+001
 1.0250000000000000E+001  6.1952182714357086E+001
 1.0300000000000001E+001  6.3009484319872762E+001
 1.0350000000000001E+001  6.4076694550112890E+001
 1.0400000000000000E+001  6.4889990458770413E+001
 1.0450000000000001E+001  6.6044953701034444E+001
 1.0500000000000000E+001  6.6709076478131848E+001
 1.0550000000000001E+001  6.7540417398534160E+001
 1.0600000000000001E+001  6.9363357453281708E+001
 1.0650000000000000E+001  7.2811286455418227E+001
 1.0700000000000001E+001  7.7318602893722485E+001
 1.0750000000000000E+001  8.2489350554851001E+001
 1.0800000000000001E+001  8.7810196130828757E+001
 1.0850000000000001E+001  9.1422824697229487E+001
 1.0900000000000000E+001  9.4552569410726122E+001
 1.0950000000000001E+001  9.6632241983328470E+001
 1.1000000000000000E+001  9.5278020207210631E+001
 1.1050000000000001E+001  9.0132525946614336E+001
 1.1100000000000001E+001  8.4516530229674558E+001
 1.1150000000000000E+001  8.1824568285244567E+001
 1.1200000000000001E+001  8.1162008161094747E+001
 1.1250000000000000E+001  8.2216073715546173E+001
 1.1300000000000001E+001  8.3833175339263207E+001
 1.1350000000000001E+001  8.5414099352538642E+001
 1.1400000000000000E+001  8.6090436671435356E+001
 1.1450000000000001E+001  8.4679915987782792E+001
 1.1500000000000000E+001  8.2209314833691408E+001
 1.1550000000000001E+001  7.9885520011201024E+001
 1.1600000000000001E+001  7.7583875320175636E+001
 1.1650000000000000E+001  7.5622053860356303E+001
 1.1700000000000001E+001  7.5159230042240779E+001
 1.1750000000000000E+001  7.6054696656051519E+001
 1.1800000000000001E+001  7.8014248268760554E+001
 1.1850000000000001E+001  8.1838306097439101E+001
 1.1900000000000000E+001  8.7178625500492302E+001
 1.1950000000000001E+001  9.1883218224393232E+001
 1.2000000000000000E+001  9.5277292220563581E+001
 1.2050000000000001E+001  9.8473939901090986E+001
 1.2100000000000001E+001  1.0025019649862047E+002
 1.2150000000000000E+001  9.9589677861586352E+001
 1.2200000000000001E+001  9.7251363517802361E+001
 1.2250000000000000E+001  9.2495510364221118E+001
 1.2300000000000001E+001  8.7249030015426143E+001
 1.2350000000000001E+001  8.2264536529683610E+001
 1.2400000000000000E+001  7.8789139087489673E+001
 1.2450000000000001E+001  7.7213266045737242E+001
 1.2500000000000000E+001  7.6144406330384200E+001
 1.2550000000000001E+001  7.6589020378079198E+001
 1.2600000000000001E+001  7.7625066709400130E+001
 1.2650000000000000E+001  7.9590749684355060E+001
 1.2700000000000001E+001  8.1869447587693685E+001
 1.2750000000000000E+001  8.2863796083211071E+001
 1.2800000000000001E+001  8.1573698775140855E+001
 1.2850000000000001E+001  8.0447591059043404E+001
 1.2900000000000000E+001  7.9042542817860067E+001
 1.2950000000000001E+001  7.7765294315721619E+001
 1.3000000000000000E+001  7.6192703533659667E+001
 1.3050000000000001E+001  7.4153794720620240E+001
 1.3100000000000001E+001  7.1920210120926527E+001
 1.3150000000000000E+001  6.9694455957973474E+001
 1.3200000000000001E+001  6.8303820866588140E+001
 1.3250000000000000E+001  6.8121729629560377E+001
 1.3300000000000001E+001  6.8565031895707833E+001
 1.3350000000000001E+001  6.8258656852658092E+001
 1.3400000000000000E+001  6.9288886206664358E+001
 1.3450000000000001E+001  7.0606044922300256E+001
 1.3500000000000000E+001  7.1518685143870201E+001
 1.3550000000000001E+001  7.1466803864754155E+001
 1.3600000000000001E+001  7.0495781372127084E+001
 1.3650000000000000E+001  6.8748687419045353E+001
 1.3700000000000001E+001  6.7393711846388726E+001
 1.3750000000000000E+001  6.6673446745380872E+001
 1.3800000000000001E+001  6.6749423042973248E+001
 1.3850000000000001E+001  6.7771058338497539E+001
 1.3900000000000000E+001  7.0270402310054308E+001
 1.3950000000000001E+001  7.2816997512704248E+001
 1.4000000000000000E+001  7.5129709194351747E+001
 1.4050000000000001E+001  7.5839530640813791E+001
 1.4100000000000001E+001  7.4669815943209102E+001
 1.4150000000000000E+001  7.2937162418023320E+001
 1.4200000000000001E+001  7.0721467202935457E+001
 1.4250000000000000E+001  6.8406724533952016E+001
 1.4300000000000001E+001  6.7491374883989096E+001
 1.4350000000000001E+001  6.7390999520421616E+001
 1.4400000000000000E+001  6.7738953257657499E+001
 1.4450000000000001E+001  6.7739713752514646E+001
 1.4500000000000000E+001  6.6889958312115908E+001
 1.4550000000000001E+001  6.5650762351603788E+001
 1.4600000000000001E+001  6.4901328965300195E+001
 1.4650000000000000E+001  6.4194711257975541E+001
 1.4700000000000001E+001  6.4160185273880685E+001
 1.4750000000000000E+001  6.4138673445948641E+001
 1.4800000000000001E+001  6.4214653738323037E+001
 1.4850000000000001E+001  6.4640000670492739E+001
 1.4900000000000000E+001  6.5468164830902083E+001
 1.4950000000000001E+001  6.5782852700005691E+001
 1.5000000000000000E+001  6.6249771799390402E+001
 1.5050000000000001E+001  6.6477246551302372E+001
 1.5100000000000001E+001  6.6886337522555053E+001
 1.5150000000000000E+001  6.6263894667493076E+001
 1.5200000000000001E+001  6.5234295427652341E+001
 1.5250000000000000E+001  6.4957494531208781E+001
 1.5300000000000001E+001  6.4670867391060099E+001
 1.5350000000000001E+001  6.4795509384484149E+001
 1.5400000000000000E+001  6.4328372643409452E+001
 1.5450000000000001E+001  6.3777215491998241E+001
 1.5500000000000000E+001  6.3157419061669273E+001
 1.5550000000000001E+001  6.2758876337068813E+001
 1.5600000000000001E+001  6.2738473850690838E+001
 1.5650000000000000E+001  6.3042671868613795E+001
 1.5700000000000001E+001  6.2942697917596803E+001
 1.5750000000000000E+001  6.2903628797715278E+001
 1.5800000000000001E+001  6.2668709033398592E+001
 1.5850000000000001E+001  6.1171646455613846E+001
 1.5900000000000000E+001  5.9703904633068156E+001
 1.5950000000000001E+001  5.9428018910630001E+001
 1.6000000000000000E+001  5.9368992054621010E+001
 1.6050000000000001E+001  5.9605660080812854E+001
 1.6100000000000001E+001  6.0135888334066358E+001
 1.6150000000000002E+001  6.0617559319893097E+001
 1.6199999999999999E+001  6.0906885926665701E+001
 1.6250000000000000E+001  6.0771463991928080E+001
 1.6300000000000001E+001  6.0446416607532200E+001
 1.6350000000000001E+001  6.0827510891215766E+001
 1.6400000000000002E+001  6.1208598829181923E+001
 1.6449999999999999E+001  6.1500633973077576E+001
 1.6500000000000000E+001  6.1975951361502645E+001
 1.6550000000000001E+001  6.2872632399410804E+001
 1.6600000000000001E+001  6.3261357582826648E+001
 1.6650000000000002E+001  6.4132284459589627E+001
 1.6699999999999999E+001  6.5193026915517464E+001
 1.6750000000000000E+001  6.5532641373385388E+001
 1.6800000000000001E+001  6.5894939382397581E+001
 1.6850000000000001E+001  6.6002697504799258E+001
 1.6900000000000002E+001  6.5750485681085465E+001
 1.6949999999999999E+001  6.5355432485503329E+001
 1.7000000000000000E+001  6.4507639363244365E+001
 1.7050000000000001E+001  6.3891604315512545E+001
 1.7100000000000001E+001  6.3802296676664476E+001
 1.7150000000000002E+001  6.3191683275144229E+001
 1.7199999999999999E+001  6.3772672526917191E+001
 1.7250000000000000E+001  6.4207048086085479E+001
 1.7300000000000001E+001  6.5100018082515675E+001
 1.7350000000000001E+001  6.5662700415752184E+001
 1.7400000000000002E+001  6.6205689499008756E+001
 1.7449999999999999E+001  6.6749034430835351E+001
 1.7500000000000000E+001  6.7217325295006276E+001
 1.7550000000000001E+001  6.7907308278664928E+001
 1.7600000000000001E+001  6.8612241824229599E+001
 1.7650000000000002E+001  6.8792996162635006E+001
 1.7699999999999999E+001  6.8654308702548690E+001
 1.7750000000000000E+001  6.8907944171181967E+001
 1.7800000000000001E+001  6.9544775798851930E+001
 1.7850000000000001E+001  7.0074394723629908E+001
 1.7900000000000002E+001  6.9493454281041409E+001
 1.7949999999999999E+001  6.8962347979285965E+001
 1.8000000000000000E+001  6.8465686593033254E+001
 1.8050000000000001E+001  6.7355879986638897E+001
 1.8100000000000001E+001  6.6578873772513134E+001
 1.8150000000000002E+001  6.6542518558729796E+001
 1.8199999999999999E+001  6.7230944539274645E+001
 1.8250000000000000E+001  6.7183670095570932E+001
 1.8300000000000001E+001  6.7292572903437986E+001
 1.8350000000000001E+001  6.8170641359070359E+001
 1.8400000000000002E+001  6.8396020178515016E+001
 1.8449999999999999E+001  6.8668625030460973E+001
 1.8500000000000000E+001  6.9323609580183359E+001
 1.8550000000000001E+001  6.9991450333438664E+001
 1.8600000000000001E+001  7.0494528972231421E+001
 1.8650000000000002E+001  7.0450158891725124E+001
 1.8699999999999999E+001  7.0373526135496306E+001
 1.8750000000000000E+001  6.9875169453312722E+001
 1.8800000000000001E+001  6.9065445749398719E+001
 1.8850000000000001E+001  6.8357174924342530E+001
 1.8900000000000002E+001  6.8366970088219986E+001
 1.8949999999999999E+001  6.7866872574443178E+001
 1.9000000000000000E+001  6.8326379689020328E+001
 1.9050000000000001E+001  6.8800752355892996E+001
 1.9100000000000001E+001  6.8324113135233375E+001
 1.9150000000000002E+001  6.7981553815021257E+001
 1.9200000000000003E+001  6.7722452687261836E+001
 1.9250000000000000E+001  6.7515733715546915E+001
 1.9300000000000001E+001  6.7847184631352491E+001
 1.9350000000000001E+001  6.7994563784765575E+001
 1.9400000000000002E+001  6.8385987169004522E+001
 1.9450000000000003E+001  6.8578718445512806E+001
 1.9500000000000000E+001  6.8396230893229983E+001
 1.9550000000000001E+001  6.7920165929469320E+001
 1.9600000000000001E+001  6.8170782061141892E+001
 1.9650000000000002E+001  6.8611508031962160E+001
 1.9700000000000003E+001  6.8529351541588085E+001
 1.9750000000000000E+001  6.7782742159903762E+001
 1.9800000000000001E+001  6.7786954431052493E+001
 1.9850000000000001E+001  6.7618575341067356E+001
 1.9900000000000002E+001  6.7199684850063193E+001
 1.9950000000000003E+001  6.6693033798399881E+001
 2.0000000000000000E+001  6.6464168487791994E+001
 2.0050000000000001E+001  6.6586629428268154E+001
 2.0100000000000001E+001  6.6414764512806698E+001
 2.0150000000000002E+001  6.6060874603868015E+001
 2.0200000000000003E+001  6.6420240928692252E+001
 2.0250000000000000E+001  6.6888131840427420E+001
 2.0300000000000001E+001  6.7048802184547696E+001
 2.0350000000000001E+001  6.6784353618217139E+001
 2.0400000000000002E+001  6.6622219533934214E+001
 2.0450000000000003E+001  6.6503956960833605E+001
 2.0500000000000000E+001  6.5747910141258572E+001
 2.0550000000000001E+001  6.6229947083138740E+001
 2.0600000000000001E+001  6.6405938328604549E+001
 2.0650000000000002E+001  6.6418541611650411E+001
 2.0700000000000003E+001  6.6674770366228671E+001
 2.0750000000000000E+001  6.7221848994970458E+001
 2.0800000000000001E+001  6.8060812847473230E+001
 2.0850000000000001E+001  6.8531183257131516E+001
 2.0900000000000002E+001  6.8744624312717278E+001
 2.0950000000000003E+001  6.9060380988595995E+001
 2.1000000000000000E+001  6.9624302185315486E+001
 2.1050000000000001E+001  7.0263582490579637E+001
 2.1100000000000001E+001  7.0650673411916983E+001
 2.1150000000000002E+001  7.1194397397164565E+001
 2.1200000000000003E+001  7.1613829552731843E+001
 2.1250000000000000E+001  7.1489695566026569E+001
 2.1300000000000001E+001  7.1043621182969019E+001
 2.1350000000000001E+001  7.0635229921556444E+001
 2.1400000000000002E+001  6.9925255775113897E+001
 2.1450000000000003E+001  6.9848833889165178E+001
 2.1500000000000000E+001  6.9196913134720887E+001
 2.1550000000000001E+001  6.8474108137937023E+001
 2.1600000000000001E+001  6.8239344081677146E+001
 2.1650000000000002E+001  6.8857178335046839E+001
 2.1700000000000003E+001  6.9142957542881319E+001
 2.1750000000000000E+001  6.8810171757310840E+001
 2.1800000000000001E+001  6.8866440635456655E+001
 2.1850000000000001E+001  6.8711505993496985E+001
 2.1900000000000002E+001  6.7761604489670944E+001
 2.1950000000000003E+001  6.7573517637079632E+001
 2.2000000000000000E+001  6.7346297131688857E+001
 2.2050000000000001E+001  6.7030325753390798E+001
 2.2100000000000001E+001  6.6857013234487894E+001
 2.2150000000000002E+001  6.6203148591559923E+001
 2.2200000000000003E+001  6.5714271414080628E+001
 2.2250000000000000E+001  6.5483619747752130E+001
 2.2300000000000001E+001  6.5602081208326510E+001
 2.2350000000000001E+001  6.5443750278934459E+001
 2.2400000000000002E+001  6.4993965975134714E+001
 2.2450000000000003E+001  6.4979408133296161E+001
 2.2500000000000000E+001  6.4699710588874609E+001
 2.2550000000000001E+001  6.4156984253818322E+001
 2.2600000000000001E+001  6.4391494562565057E+001
 2.2650000000000002E+001  6.4055605894121840E+001
 2.2700000000000003E+001  6.3809283809905409E+001
 2.2750000000000000E+001  6.3647276255632725E+001
 2.2800000000000001E+001  6.2834979794795636E+001
 2.2850000000000001E+001  6.2818020430192448E+001
 2.2900000000000002E+001  6.2032297080822140E+001
 2.2950000000000003E+001  6.1366511871854129E+001
 2.3000000000000000E+001  6.1095755668375503E+001
 2.3050000000000001E+001  6.0578136116505021E+001
 2.3100000000000001E+001  6.0433482183174341E+001
 2.3150000000000002E+001  6.0096804526686491E+001
 2.3200000000000003E+001  5.9925086903527749E+001
 2.3250000000000000E+001  5.9722517796006933E+001
 2.3300000000000001E+001  5.9020317163469187E+001
 2.3350000000000001E+001  5.8839996989000525E+001
 2.3400000000000002E+001  5.8443018611478756E+001
 2.3450000000000003E+001  5.8436294721329396E+001
 2.3500000000000000E+001  5.8488264447169193E+001
 2.3550000000000001E+001  5.8426771171182686E+001
 2.3600000000000001E+001  5.8277436890320701E+001
 2.3650000000000002E+001  5.7843113023116885E+001
 2.3700000000000003E+001  5.7492859856463120E+001
 2.3750000000000000E+001  5.7211720688647780E+001
 2.3800000000000001E+001  5.6886451780054514E+001
 2.3850000000000001E+001  5.6808300606135234E+001
 2.3900000000000002E+001  5.6930251180646444E+001
 2.3950000000000003E+001  5.7030961212267592E+001
 2.4000000000000000E+001  5.6646250689729783E+001
 2.4050000000000001E+001  5.6479425450023086E+001
 2.4100000000000001E+001  5.6603556950065801E+001
 2.4150000000000002E+001  5.6095916080736437E+001
 2.4200000000000003E+001  5.5878102661341174E+001
 2.4250000000000000E+001  5.6087846948238017E+001
 2.4300000000000001E+001  5.5847869445906163E+001
 2.4350000000000001E+001  5.5679739054395142E+001
 2.4400000000000002E+001  5.5457225058409634E+001
 2.4450000000000003E+001  5.5529339251221202E+001
 2.4500000000000000E+001  5.5074503833965679E+001
 2.4550000000000001E+001  5.4901739749338269E+001
 2.4600000000000001E+001  5.4534976599143334E+001
 2.4650000000000002E+001  5.4300632957614624E+001
 2.4700000000000003E+001  5.4333364576454414E+001
 2.4750000000000000E+001  5.4166609104282145E+001
 2.4800000000000001E+001  5.3646174035469109E+001
 2.4850000000000001E+001  5.3506244749830458E+001
 2.4900000000000002E+001  5.2928645412283132E+001
 2.4950000000000003E+001  5.2316720526258905E+001
 2.5000000000000000E+001  5.2155903133192318E+001
 2.5050000000000001E+001  5.2002940033364418E+001
 2.5100000000000001E+001  5.2047532384567063E+001
 2.5150000000000002E+001  5.1610146017231607E+001
 2.5200000000000003E+001  5.1446470062386190E+001
 2.5250000000000000E+001  5.1420676435342187E+001
 2.5300000000000001E+001  5.1435814080202370E+001
 2.5350000000000001E+001  5.0785210545856970E+001
 2.5400000000000002E+001  5.0678700203853666E+001
 2.5450000000000003E+001  5.0848374131667192E+001
 2.5500000000000000E+001  5.0767305211005173E+001
 2.5550000000000001E+001  5.0322013671898389E+001
 2.5600000000000001E+001  5.0202664835994000E+001
 2.5650000000000002E+001  5.0404397535905474E+001
 2.5700000000000003E+001  5.0746678914910177E+001
 2.5750000000000000E+001  5.0007761267487311E+001
 2.5800000000000001E+001  4.9361172005498815E+001
 2.5850000000000001E+001  4.9281982081280589E+001
 2.5900000000000002E+001  4.9417388176208803E+001
 2.5950000000000003E+001  4.8981841167433615E+001
 2.6000000000000000E+001  4.8533226228821299E+001
 2.6050000000000001E+001  4.8881984239611853E+001
 2.6100000000000001E+001  4.8695672798126125E+001
 2.6150000000000002E+001  4.8563167960067943E+001
 2.6200000000000003E+001  4.8440047554654129E+001
 2.6250000000000000E+001  4.7895368097568806E+001
 2.6300000000000001E+001  4.7630573317612068E+001
 2.6350000000000001E+001  4.7757749250477758E+001
 2.6400000000000002E+001  4.7357589658476975E+001
 2.6450000000000003E+001  4.7096973010782868E+001
 2.6500000000000000E+001  4.6458503265772372E+001
 2.6550000000000001E+001  4.6414132325989812E+001
 2.6600000000000001E+001  4.6408319905383337E+001
 2.6650000000000002E+001  4.6192101903352402E+001
 2.6700000000000003E+001  4.6278057594819373E+001
 2.6750000000000000E+001  4.6288704006945729E+001
 2.6800000000000001E+001  4.5849705632263344E+001
 2.6850000000000001E+001  4.5778933034207760E+001
 2.6900000000000002E+001  4.5671042260654211E+001
 2.6950000000000003E+001  4.5745919953938497E+001
 2.7000000000000000E+001  4.5484765381999864E+001
 2.7050000000000001E+001  4.5209956548950473E+001
 2.7100000000000001E+001  4.4913553357349770E+001
 2.7150000000000002E+001  4.4709179992922145E+001
 2.7200000000000003E+001  4.4779726225229190E+001
 2.7250000000000000E+001  4.4850834832929159E+001
 2.7300000000000001E+001  4.4481593747661798E+001
 2.7350000000000001E+001  4.4047575257873817E+001
 2.7400000000000002E+001  4.3984310826472239E+001
 2.7450000000000003E+001  4.3786568742271690E+001
 2.7500000000000000E+001  4.3979551456504403E+001
 2.7550000000000001E+001  4.3668853368489984E+001
 2.7600000000000001E+001  4.3547570162059820E+001
 2.7650000000000002E+001  4.3621096151252992E+001
 2.7700000000000003E+001  4.3173828611045202E+001
 2.7750000000000000E+001  4.2744085249349922E+001
 2.7800000000000001E+001  4.2623341494577161E+001
 2.7850000000000001E+001  4.2726281224449153E+001
 2.7900000000000002E+001  4.2645347385030504E+001
 2.7950000000000003E+001  4.2615840554269035E+001
 2.8000000000000000E+001  4.2449283237663359E+001
 2.8050000000000001E+001  4.2405001698787309E+001
 2.8100000000000001E+001  4.2185899440377774E+001
 2.8150000000000002E+001  4.2138151266387503E+001
 2.8200000000000003E+001  4.1753597608813998E+001
 2.8250000000000000E+001  4.1247107753219062E+001
 2.8300000000000001E+001  4.1508356892518748E+001
 2.8350000000000001E+001  4.1475235764156395E+001
 2.8400000000000002E+001  4.1645360113903479E+001
 2.8450000000000003E+001  4.1504805328733056E+001
 2.8500000000000000E+001  4.1482756981325522E+001
 2.8550000000000001E+001  4.1007742442651306E+001
 2.8600000000000001E+001  4.0702451819347210E+001
 2.8650000000000002E+001  4.0886669370036564E+001
 2.8700000000000003E+001  4.0879906187683751E+001
 2.8750000000000000E+001  4.1093705099644993E+001
 2.8800000000000001E+001  4.0653105427507249E+001
 2.8850000000000001E+001  4.0532385678587005E+001
 2.8900000000000002E+001  4.0326302437045918E+001
 2.8950000000000003E+001  3.9952531729886665E+001
 2.9000000000000000E+001  4.0014574531167945E+001
 2.9050000000000001E+001  3.9779836824623310E+001
 2.9100000000000001E+001  3.9913126182116713E+001
 2.9150000000000002E+001  3.9557613277423542E+001
 2.9200000000000003E+001  3.9792719098880518E+001
 2.9250000000000000E+001  4.0081257562661676E+001
 2.9300000000000001E+001  3.9904425311760434E+001
 2.9350000000000001E+001  3.9640310606469413E+001
 2.9400000000000002E+001  3.9229699556893124E+001
 2.9450000000000003E+001  3.9092654069444464E+001
 2.9500000000000000E+001  3.9425072231839671E+001
 2.9550000000000001E+001  3.9147731948858549E+001
 2.9600000000000001E+001  3.9121844579761486E+001
 2.9650000000000002E+001  3.9385077165914872E+001
 2.9700000000000003E+001  3.9656236523371248E+001
 2.9750000000000000E+001  3.9450689775619765E+001
 2.9800000000000001E+001  3.8985790239709594E+001
 2.9850000000000001E+001  3.8712909262509221E+001
 2.9900000000000002E+001  3.8635890447544917E+001
 2.9950000000000003E+001  3.9006542141932634E+001
 3.0000000000000000E+001  3.8692420233452559E+001
 3.0050000000000001E+001  3.8753145065678908E+001
 3.0100000000000001E+001  3.8765421535407370E+001
 3.0150000000000002E+001  3.8862681201993368E+001
 3.0200000000000003E+001  3.9196043432775276E+001
 3.0250000000000000E+001  3.8928978762997936E+001
 3.0300000000000001E+001  3.8772268821067250E+001
 3.0350000000000001E+001  3.8254918328750399E+001
 3.0400000000000002E+001  3.8357066289629849E+001
 3.0450000000000003E+001  3.8777933843667924E+001
 3.0500000000000000E+001  3.8910409809230877E+001
 3.0550000000000001E+001  3.8621174733850367E+001
 3.0600000000000001E+001  3.8606067145872963E+001
 3.0650000000000002E+001  3.8705201965605013E+001
 3.0700000000000003E+001  3.8718130555773669E+001
 3.0750000000000000E+001  3.9049488098792160E+001
 3.0800000000000001E+001  3.8581427184505507E+001
 3.0850000000000001E+001  3.8467258981601468E+001
 3.0900000000000002E+001  3.8811936187556149E+001
 3.0950000000000003E+001  3.8991484167264417E+001
 3.1000000000000000E+001  3.8952182983910483E+001
 3.1050000000000001E+001  3.8741871990374619E+001
 3.1100000000000001E+001  3.8985499249878146E+001
 3.1150000000000002E+001  3.9249538829229230E+001
 3.1200000000000003E+001  3.8988548703458569E+001
 3.1250000000000000E+001  3.8976518827754958E+001
 3.1300000000000001E+001  3.8908274901246436E+001
 3.1350000000000001E+001  3.8634319105035914E+001
 3.1400000000000002E+001  3.8928803375451992E+001
 3.1450000000000003E+001  3.9625436483557095E+001
 3.1500000000000000E+001  3.9667773755684216E+001
 3.1550000000000001E+001  3.9021060122900572E+001
 3.1600000000000001E+001  3.8933338321829666E+001
 3.1650000000000002E+001  3.9259849818203271E+001
 3.1700000000000003E+001  3.9269293662263358E+001
 3.1750000000000000E+001  3.9535400062047373E+001
 3.1800000000000001E+001  3.9517478589197928E+001
 3.1850000000000001E+001  3.9546021895572366E+001
 3.1900000000000002E+001  3.9603001076436193E+001
 3.1950000000000003E+001  4.0014704535382378E+001
 3.2000000000000000E+001  4.0313726369453491E+001
 3.2050000000000004E+001  3.9982410126279547E+001
 3.2100000000000001E+001  3.9826412747681765E+001
 3.2149999999999999E+001  4.0060909814932351E+001
 3.2200000000000003E+001  4.0191871929207807E+001
 3.2250000000000000E+001  4.0357667949729638E+001
 3.2300000000000004E+001  4.0318062333145839E+001
 3.2350000000000001E+001  4.0196016739976521E+001
 3.2399999999999999E+001  3.9964229469582648E+001
 3.2450000000000003E+001  3.9974795422684515E+001
 3.2500000000000000E+001  3.9473433331151682E+001
 3.2550000000000004E+001  3.9314568826018025E+001
 3.2600000000000001E+001  3.9483360954450177E+001
 3.2649999999999999E+001  3.9834991982949816E+001
 3.2700000000000003E+001  3.9485061957081683E+001
 3.2750000000000000E+001  3.9291466034736601E+001
 3.2800000000000004E+001  3.8898011216523074E+001
 3.2850000000000001E+001  3.9081753389969563E+001
 3.2899999999999999E+001  3.9471385406396870E+001
 3.2950000000000003E+001  3.9249133533995916E+001
 3.3000000000000000E+001  3.9589829537857085E+001
 3.3050000000000004E+001  3.9374983811495092E+001
 3.3100000000000001E+001  3.9607868122221049E+001
 3.3149999999999999E+001  3.9687985131073269E+001
 3.3200000000000003E+001  3.9534818532017105E+001
 3.3250000000000000E+001  3.9728053702332438E+001
 3.3300000000000004E+001  3.9585593243792012E+001
 3.3350000000000001E+001  3.9252276921407194E+001
 3.3399999999999999E+001  3.9328854507444696E+001
 3.3450000000000003E+001  3.8946115146867967E+001
 3.3500000000000000E+001  3.8628996263353365E+001
 3.3550000000000004E+001  3.8593578975968235E+001
 3.3600000000000001E+001  3.8796801368123369E+001
 3.3649999999999999E+001  3.8569492021173708E+001
 3.3700000000000003E+001  3.7987301651724174E+001
 3.3750000000000000E+001  3.8233560403810557E+001
 3.3800000000000004E+001  3.8454380267843121E+001
 3.3850000000000001E+001  3.8456878855926412E+001
 3.3899999999999999E+001  3.8713132555132603E+001
 3.3950000000000003E+001  3.8386612302570015E+001
 3.4000000000000000E+001  3.8040361534087381E+001
 3.4050000000000004E+001  3.8089488547336281E+001
 3.4100000000000001E+001  3.8502965531597091E+001
 3.4149999999999999E+001  3.8325787035069894E+001
 3.4200000000000003E+001  3.7862747649206398E+001
 3.4250000000000000E+001  3.7693511315421155E+001
 3.4300000000000004E+001  3.7760412521279946E+001
 3.4350000000000001E+001  3.8114026464419688E+001
 3.4399999999999999E+001  3.7994836123059763E+001
 3.4450000000000003E+001  3.8186829121478105E+001
 3.4500000000000000E+001  3.8048671822335450E+001
 3.4550000000000004E+001  3.7743851736708223E+001
 3.4600000000000001E+001  3.7816322654087394E+001
 3.4649999999999999E+001  3.7853836722458091E+001
 3.4700000000000003E+001  3.7562014994194939E+001
 3.4750000000000000E+001  3.7519307362867892E+001
 3.4800000000000004E+001  3.7630194468823426E+001
 3.4850000000000001E+001  3.7339704001685519E+001
 3.4899999999999999E+001  3.6517726497164986E+001
 3.4950000000000003E+001  3.6468684830219345E+001
 3.5000000000000000E+001  3.7056859262089652E+001
 3.5050000000000004E+001  3.7415482991213651E+001
 3.5100000000000001E+001  3.7848025349681286E+001
 3.5149999999999999E+001  3.7281114698407876E+001
 3.5200000000000003E+001  3.6881209522072673E+001
 3.5250000000000000E+001  3.6765450967721989E+001
 3.5300000000000004E+001  3.6495719442815933E+001
 3.5350000000000001E+001  3.7113734105695457E+001
 3.5399999999999999E+001  3.7119444178788292E+001
 3.5450000000000003E+001  3.6958560916466020E+001
 3.5500000000000000E+001  3.6384997235709818E+001
 3.5550000000000004E+001  3.5972175003773280E+001
 3.5600000000000001E+001  3.6523791446740482E+001
 3.5649999999999999E+001  3.6712861873646943E+001
 3.5700000000000003E+001  3.6457451578008438E+001
 3.5750000000000000E+001  3.5914923898669144E+001
 3.5800000000000004E+001  3.6328665039897338E+001
 3.5850000000000001E+001  3.6526614841126900E+001
 3.5899999999999999E+001  3.6248903095111920E+001
 3.5950000000000003E+001  3.6303224391386607E+001
 3.6000000000000000E+001  3.5457004977110074E+001
 3.6050000000000004E+001  3.4873627989028975E+001
 3.6100000000000001E+001  3.5253365161049466E+001
 3.6149999999999999E+001  3.5639250829226349E+001
 3.6200000000000003E+001  3.5639075427139915E+001
 3.6250000000000000E+001  3.5034540925633578E+001
 3.6300000000000004E+001  3.5151980243948117E+001
 3.6350000000000001E+001  3.5772886100671109E+001
 3.6399999999999999E+001  3.6098086012623924E+001
 3.6450000000000003E+001  3.6096823846082586E+001
 3.6500000000000000E+001  3.5792792240486982E+001
 3.6550000000000004E+001  3.5425794644710571E+001
 3.6600000000000001E+001  3.5670175030984126E+001
 3.6649999999999999E+001  3.5288475760825563E+001
 3.6700000000000003E+001  3.5393810624992689E+001
 3.6750000000000000E+001  3.5365494080385716E+001
 3.6800000000000004E+001  3.5316862891173315E+001
 3.6850000000000001E+001  3.4775120759793637E+001
 3.6899999999999999E+001  3.4507031108362177E+001
 3.6950000000000003E+001  3.5115069827356272E+001
 3.7000000000000000E+001  3.4589339945252412E+001
 3.7050000000000004E+001  3.4294959489444338E+001
 3.7100000000000001E+001  3.4587471183074292E+001
 3.7149999999999999E+001  3.4693665816337720E+001
 3.7200000000000003E+001  3.4266547049402789E+001
 3.7250000000000000E+001  3.3909257931734942E+001
 3.7300000000000004E+001  3.3575819406808272E+001
 3.7350000000000001E+001  3.3668817115595004E+001
 3.7399999999999999E+001  3.5020425573130133E+001
 3.7450000000000003E+001  3.5513617506504985E+001
 3.7500000000000000E+001  3.4495744559047118E+001
 3.7550000000000004E+001  3.5083757134655229E+001
 3.7600000000000001E+001  3.4669652752196356E+001
 3.7649999999999999E+001  3.4647964020380520E+001
 3.7700000000000003E+001  3.4437039080302554E+001
 3.7750000000000000E+001  3.3619402973118945E+001
 3.7800000000000004E+001  3.3796157793962728E+001
 3.7850000000000001E+001  3.4704792127927774E+001
 3.7899999999999999E+001  3.3851134774348068E+001
 3.7950000000000003E+001  3.4151301398418596E+001
 3.8000000000000000E+001  3.3413921424939325E+001
 3.8050000000000004E+001  3.3566826902238539E+001
 3.8100000000000001E+001  3.2888457803296248E+001
 3.8149999999999999E+001  3.2948081631429424E+001
 3.8200000000000003E+001  3.3453698645552400E+001
 3.8250000000000000E+001  3.3483156931992447E+001
 3.8300000000000004E+001  3.3812902325076557E+001
 3.8350000000000001E+001  3.3028491931704870E+001
 3.8400000000000006E+001  3.2303856971848901E+001
 3.8450000000000003E+001  3.3147904098532109E+001
 3.8500000000000000E+001  3.2896434328353799E+001
 3.8550000000000004E+001  3.3409019534791689E+001
 3.8600000000000001E+001  3.2447764336536650E+001
 3.8650000000000006E+001  3.2413279290321412E+001
 3.8700000000000003E+001  3.2594806665600387E+001
 3.8750000000000000E+001  3.2692780796164939E+001
 3.8800000000000004E+001  3.2924195331913943E+001
 3.8850000000000001E+001  3.2430355153420855E+001
 3.8900000000000006E+001  3.2053362512328448E+001
 3.8950000000000003E+001  3.2537258272023585E+001
 3.9000000000000000E+001  3.3077305285591571E+001
 3.9050000000000004E+001  3.2419162124782702E+001
 3.9100000000000001E+001  3.3044185839764282E+001
 3.9150000000000006E+001  3.2288134813669437E+001
 3.9200000000000003E+001  3.2625542362781623E+001
 3.9250000000000000E+001  3.3043887857513901E+001
 3.9300000000000004E+001  3.1765297154362266E+001
 3.9350000000000001E+001  3.1520624441439356E+001
 3.9400000000000006E+001  3.1786546916231504E+001
 3.9450000000000003E+001  3.2536257449504056E+001
 3.9500000000000000E+001  3.2130277442726339E+001
 3.9550000000000004E+001  3.2582508398345112E+001
 3.9600000000000001E+001  3.2541426196448811E+001
 3.9650000000000006E+001  3.1953375859535250E+001
 3.9700000000000003E+001  3.2720698561855265E+001
 3.9750000000000000E+001  3.1808602076753626E+001
 3.9800000000000004E+001  3.2702697323722582E+001
 3.9850000000000001E+001  3.1533016240966234E+001
 3.9900000000000006E+001  3.1269383672051095E+001
 3.9950000000000003E+001  3.1051970910319298E+001
 4.0000000000000000E+001  3.1240651299568661E+001
 4.0050000000000004E+001  3.1728550278328566E+001
 4.0100000000000001E+001  3.1848572498975109E+001
 4.0150000000000006E+001  3.1525076717969302E+001
 4.0200000000000003E+001  3.1047657912495708E+001
 4.0250000000000000E+001  3.0774355776525930E+001
 4.0300000000000004E+001  3.0251027938882608E+001
 4.0350000000000001E+001  3.0415971909971649E+001
 4.0400000000000006E+001  3.0463298998966089E+001
 4.0450000000000003E+001  2.9941497921957456E+001
 4.0500000000000000E+001  3.1721659750494123E+001
 4.0550000000000004E+001  3.1805863138698871E+001
 4.0600000000000001E+001  3.1748093288804800E+001
 4.0650000000000006E+001  3.2950422650720363E+001
 4.0700000000000003E+001  3.2636648006032296E+001
 4.0750000000000000E+001  3.2250613754127535E+001
 4.0800000000000004E+001  3.0790424705319730E+001
 4.0850000000000001E+001  3.1320235010219299E+001
 4.0900000000000006E+001  2.9700225842425457E+001
 4.0950000000000003E+001  3.2153305571057345E+001
 4.1000000000000000E+001  3.4888104232713367E+001
 4.1050000000000004E+001  3.7065444833413579E+001
 4.1100000000000001E+001  3.3993701292626007E+001
 4.1150000000000006E+001  3.3537115919918854E+001
 4.1200000000000003E+001  2.7662098429063992E+001
 4.1250000000000000E+001  4.0756021312856689E+001
