 2.4000000000000004E+000  1.0026510720278379E+001
 2.4500000000000002E+000  1.0756378587731307E+001
 2.5000000000000000E+000  1.1589486549221132E+001
 2.5500000000000003E+000  1.3895566567105329E+001
 2.6000000000000001E+000  1.5991204705008315E+001
 2.6500000000000004E+000  1.7392727216615416E+001
 2.7000000000000002E+000  2.2155747898392946E+001
 2.7500000000000000E+000  3.9509613600094333E+001
 2.8000000000000003E+000  9.7118563311047410E+001
 2.8500000000000001E+000  2.1552648426423616E+002
 2.9000000000000004E+000  3.3460626512583337E+002
 2.9500000000000002E+000  4.6827441705347189E+002
 3.0000000000000000E+000  6.0676134970610894E+002
 3.0500000000000003E+000  6.8745042621491666E+002
 3.1000000000000001E+000  6.7962647977881500E+002
 3.1500000000000004E+000  5.6627578411738125E+002
 3.2000000000000002E+000  4.0903355435313642E+002
 3.2500000000000000E+000  2.9575043032685863E+002
 3.3000000000000003E+000  2.3821132878004099E+002
 3.3500000000000001E+000  2.1347933124727231E+002
 3.4000000000000004E+000  2.0916943223319728E+002
 3.4500000000000002E+000  2.2391888082891722E+002
 3.5000000000000000E+000  2.6819655289882309E+002
 3.5500000000000003E+000  3.1295178199414408E+002
 3.6000000000000001E+000  3.1178979197018640E+002
 3.6500000000000004E+000  2.6627678435970290E+002
 3.7000000000000002E+000  2.1941837492623733E+002
 3.7500000000000000E+000  1.9024221300993446E+002
 3.8000000000000003E+000  1.8457090438581932E+002
 3.8500000000000001E+000  1.9099083889028518E+002
 3.9000000000000004E+000  2.1278420993573738E+002
 3.9500000000000002E+000  2.0954276105253723E+002
 4.0000000000000000E+000  1.7956985047485117E+002
 4.0499999999999998E+000  1.3957714836905367E+002
 4.1000000000000005E+000  1.0421428455582344E+002
 4.1500000000000004E+000  7.7448520640922865E+001
 4.2000000000000002E+000  5.9982295103088084E+001
 4.2500000000000000E+000  4.8451850499018661E+001
 4.2999999999999998E+000  4.0516412141651664E+001
 4.3500000000000005E+000  3.5001547225112269E+001
 4.4000000000000004E+000  3.2011707877963779E+001
 4.4500000000000002E+000  3.1370364788902464E+001
 4.5000000000000000E+000  3.2709896713540772E+001
 4.5499999999999998E+000  3.5045779825877148E+001
 4.6000000000000005E+000  3.7854186033218866E+001
 4.6500000000000004E+000  4.0389372388271504E+001
 4.7000000000000002E+000  4.2513612620269740E+001
 4.7500000000000000E+000  4.5376142082901239E+001
 4.8000000000000007E+000  4.9488734370818662E+001
 4.8500000000000005E+000  5.3575916060459285E+001
 4.9000000000000004E+000  5.4059897961960225E+001
 4.9500000000000002E+000  5.1994574427580247E+001
 5.0000000000000000E+000  4.9322392798642404E+001
 5.0500000000000007E+000  4.8122577352755869E+001
 5.1000000000000005E+000  5.1255024115309119E+001
 5.1500000000000004E+000  5.9971295595707993E+001
 5.2000000000000002E+000  7.2715520929472959E+001
 5.2500000000000000E+000  8.7367710364371334E+001
 5.3000000000000007E+000  1.0171682499511461E+002
 5.3500000000000005E+000  1.1035964207940717E+002
 5.4000000000000004E+000  1.1176130930890595E+002
 5.4500000000000002E+000  1.0513024263551367E+002
 5.5000000000000000E+000  9.4752577314496008E+001
 5.5500000000000007E+000  8.5517845663665739E+001
 5.6000000000000005E+000  7.9636713862999073E+001
 5.6500000000000004E+000  7.7257151585020210E+001
 5.7000000000000002E+000  7.8126524377222438E+001
 5.7500000000000000E+000  7.9620916302677145E+001
 5.8000000000000007E+000  8.3547527696325417E+001
 5.8500000000000005E+000  9.4776867909436206E+001
 5.9000000000000004E+000  1.1335632469413879E+002
 5.9500000000000002E+000  1.3354382004582931E+002
 6.0000000000000000E+000  1.5113833242255200E+002
 6.0500000000000007E+000  1.6006376082421019E+002
 6.1000000000000005E+000  1.5795671905121563E+002
 6.1500000000000004E+000  1.4756517884857183E+002
 6.2000000000000002E+000  1.3059555212176778E+002
 6.2500000000000000E+000  1.1195269145786715E+002
 6.3000000000000007E+000  9.5368514714995811E+001
 6.3500000000000005E+000  8.4254473229175858E+001
 6.4000000000000004E+000  7.7122315465660321E+001
 6.4500000000000002E+000  7.3314780137168569E+001
 6.5000000000000000E+000  7.1139848089532805E+001
 6.5500000000000007E+000  7.0007253253275493E+001
 6.6000000000000005E+000  6.8516962224964502E+001
 6.6500000000000004E+000  6.7315749028326124E+001
 6.7000000000000002E+000  6.8212430243397506E+001
 6.7500000000000000E+000  7.1019676366927087E+001
 6.8000000000000007E+000  7.5852475884362235E+001
 6.8500000000000005E+000  8.2234479911613832E+001
 6.9000000000000004E+000  8.7562516060610577E+001
 6.9500000000000002E+000  8.7895766208237063E+001
 7.0000000000000000E+000  8.4120763470137504E+001
 7.0500000000000007E+000  7.9265302737476347E+001
 7.1000000000000005E+000  7.6287718239505779E+001
 7.1500000000000004E+000  7.3830000658596887E+001
 7.2000000000000002E+000  7.2226440831011629E+001
 7.2500000000000000E+000  7.0162626813083094E+001
 7.3000000000000007E+000  6.8639143102866413E+001
 7.3500000000000005E+000  6.7717327855782614E+001
 7.4000000000000004E+000  6.7894459636903420E+001
 7.4500000000000002E+000  6.9834417230318920E+001
 7.5000000000000000E+000  7.2566235494921330E+001
 7.5500000000000007E+000  7.7121484899912019E+001
 7.6000000000000005E+000  8.3519986814162053E+001
 7.6500000000000004E+000  9.1162540948662595E+001
 7.7000000000000002E+000  1.0107847206845217E+002
 7.7500000000000000E+000  1.1185449143147881E+002
 7.8000000000000007E+000  1.2339751532881660E+002
 7.8500000000000005E+000  1.3291200811332868E+002
 7.9000000000000004E+000  1.4060130352757756E+002
 7.9500000000000002E+000  1.4514785678985271E+002
 8.0000000000000000E+000  1.4712189222690324E+002
 8.0500000000000007E+000  1.4980514391707783E+002
 8.0999999999999996E+000  1.5363755332211443E+002
 8.1500000000000004E+000  1.5758362536419520E+002
 8.2000000000000011E+000  1.5800741133873549E+002
 8.2500000000000000E+000  1.5303479321326415E+002
 8.3000000000000007E+000  1.4740567454630008E+002
 8.3499999999999996E+000  1.4399359816323300E+002
 8.4000000000000004E+000  1.4067117490420583E+002
 8.4500000000000011E+000  1.3801913226168628E+002
 8.5000000000000000E+000  1.3575220079204433E+002
 8.5500000000000007E+000  1.3553768744769258E+002
 8.5999999999999996E+000  1.3593831477999291E+002
 8.6500000000000004E+000  1.3489417703946927E+002
 8.7000000000000011E+000  1.3151089519151489E+002
 8.7500000000000000E+000  1.2525853320421136E+002
 8.8000000000000007E+000  1.1716675482744952E+002
 8.8499999999999996E+000  1.1117300752667256E+002
 8.9000000000000004E+000  1.0777586162151147E+002
 8.9500000000000011E+000  1.0755835371068713E+002
 9.0000000000000000E+000  1.0762115589487178E+002
 9.0500000000000007E+000  1.0651070720283114E+002
 9.0999999999999996E+000  1.0355146341529927E+002
 9.1500000000000004E+000  9.8491063064576167E+001
 9.2000000000000011E+000  9.1809226339403864E+001
 9.2500000000000000E+000  8.5734078279110832E+001
 9.3000000000000007E+000  8.0060704373854151E+001
 9.3499999999999996E+000  7.6660580625797209E+001
 9.4000000000000004E+000  7.4409377539549666E+001
 9.4500000000000011E+000  7.2846272316409099E+001
 9.5000000000000000E+000  7.2055882354972780E+001
 9.5500000000000007E+000  7.1045438750935219E+001
 9.6000000000000014E+000  6.9908211977880811E+001
 9.6500000000000004E+000  6.8802716665911603E+001
 9.7000000000000011E+000  6.7664767929943949E+001
 9.7500000000000000E+000  6.6522650861847538E+001
 9.8000000000000007E+000  6.4795945699149442E+001
 9.8500000000000014E+000  6.3273504149608698E+001
 9.9000000000000004E+000  6.2211263800608101E+001
 9.9500000000000011E+000  6.1449498680674211E+001
 1.0000000000000000E+001  6.0335141984761506E+001
 1.0050000000000001E+001  5.9715977835142006E+001
 1.0100000000000001E+001  5.9246863820364887E+001
 1.0150000000000000E+001  5.9026988177435435E+001
 1.0200000000000001E+001  5.9441623838026267E+001
 1.0250000000000000E+001  6.0724214399405355E+001
 1.0300000000000001E+001  6.1908326481251052E+001
 1.0350000000000001E+001  6.2941646579076739E+001
 1.0400000000000000E+001  6.3881728705434639E+001
 1.0450000000000001E+001  6.5407693321912348E+001
 1.0500000000000000E+001  6.6658972761354974E+001
 1.0550000000000001E+001  6.7828874367878441E+001
 1.0600000000000001E+001  6.8369906463440287E+001
 1.0650000000000000E+001  7.0116326983380162E+001
 1.0700000000000001E+001  7.2324446627013359E+001
 1.0750000000000000E+001  7.6132621839534750E+001
 1.0800000000000001E+001  8.0568386695648925E+001
 1.0850000000000001E+001  8.4834481948408040E+001
 1.0900000000000000E+001  8.9232371835770806E+001
 1.0950000000000001E+001  9.2686915477681609E+001
 1.1000000000000000E+001  9.5999712215793409E+001
 1.1050000000000001E+001  9.6298364822380890E+001
 1.1100000000000001E+001  9.3024642548446195E+001
 1.1150000000000000E+001  8.8134364280522192E+001
 1.1200000000000001E+001  8.4462330323856136E+001
 1.1250000000000000E+001  8.2044673618760356E+001
 1.1300000000000001E+001  8.3109564822036646E+001
 1.1350000000000001E+001  8.5096230236729710E+001
 1.1400000000000000E+001  8.6036662753369967E+001
 1.1450000000000001E+001  8.6814849604963968E+001
 1.1500000000000000E+001  8.6366344193853138E+001
 1.1550000000000001E+001  8.3946587610183556E+001
 1.1600000000000001E+001  8.0631752335186064E+001
 1.1650000000000000E+001  7.7750678109342388E+001
 1.1700000000000001E+001  7.6018818424947213E+001
 1.1750000000000000E+001  7.5397077531363408E+001
 1.1800000000000001E+001  7.5432499168078280E+001
 1.1850000000000001E+001  7.6942246152596056E+001
 1.1900000000000000E+001  8.0843293579496773E+001
 1.1950000000000001E+001  8.5888856482322538E+001
 1.2000000000000000E+001  9.1622213966300521E+001
 1.2050000000000001E+001  9.5979247935984077E+001
 1.2100000000000001E+001  9.8374382423355172E+001
 1.2150000000000000E+001  9.9281012823278147E+001
 1.2200000000000001E+001  9.8324838507545863E+001
 1.2250000000000000E+001  9.6693741923471592E+001
 1.2300000000000001E+001  9.3291664566937484E+001
 1.2350000000000001E+001  8.9293186254201373E+001
 1.2400000000000000E+001  8.4373860705458057E+001
 1.2450000000000001E+001  8.0591767096194985E+001
 1.2500000000000000E+001  7.8685214676178290E+001
 1.2550000000000001E+001  7.7716925906172506E+001
 1.2600000000000001E+001  7.7046402561958629E+001
 1.2650000000000000E+001  7.7452398321860812E+001
 1.2700000000000001E+001  7.9147157644481567E+001
 1.2750000000000000E+001  8.1083232487490207E+001
 1.2800000000000001E+001  8.2885223591672784E+001
 1.2850000000000001E+001  8.3130609275455058E+001
 1.2900000000000000E+001  8.2176371795700206E+001
 1.2950000000000001E+001  8.0680165073425755E+001
 1.3000000000000000E+001  7.8683725239634967E+001
 1.3050000000000001E+001  7.6822204798811740E+001
 1.3100000000000001E+001  7.4344084033693122E+001
 1.3150000000000000E+001  7.2288525227076590E+001
 1.3200000000000001E+001  7.0125442585480954E+001
 1.3250000000000000E+001  6.8394551143659342E+001
 1.3300000000000001E+001  6.7980076653971437E+001
 1.3350000000000001E+001  6.7578384776840238E+001
 1.3400000000000000E+001  6.7758791143225253E+001
 1.3450000000000001E+001  6.9030576549001410E+001
 1.3500000000000000E+001  7.0322833210179567E+001
 1.3550000000000001E+001  7.1327896724964930E+001
 1.3600000000000001E+001  7.1234490740228367E+001
 1.3650000000000000E+001  7.0387910934721432E+001
 1.3700000000000001E+001  6.8994497547594293E+001
 1.3750000000000000E+001  6.8015356405914559E+001
 1.3800000000000001E+001  6.7386894920900673E+001
 1.3850000000000001E+001  6.6800131908715969E+001
 1.3900000000000000E+001  6.7623265943877442E+001
 1.3950000000000001E+001  6.9349483746124974E+001
 1.4000000000000000E+001  7.1792739604479294E+001
 1.4050000000000001E+001  7.4351018098719805E+001
 1.4100000000000001E+001  7.5687569495210141E+001
 1.4150000000000000E+001  7.4981716385277821E+001
 1.4200000000000001E+001  7.4365811467438377E+001
 1.4250000000000000E+001  7.2810949863116988E+001
 1.4300000000000001E+001  7.0741567317230945E+001
 1.4350000000000001E+001  6.9248108852923423E+001
 1.4400000000000000E+001  6.8134462631713760E+001
 1.4450000000000001E+001  6.8036520963732741E+001
 1.4500000000000000E+001  6.8472602180909121E+001
 1.4550000000000001E+001  6.8370196377622008E+001
 1.4600000000000001E+001  6.7655490321158211E+001
 1.4650000000000000E+001  6.6296778301081844E+001
 1.4700000000000001E+001  6.5061756414481223E+001
 1.4750000000000000E+001  6.4739822424781735E+001
 1.4800000000000001E+001  6.4406909903328796E+001
 1.4850000000000001E+001  6.4472095187351485E+001
 1.4900000000000000E+001  6.4718190927012387E+001
 1.4950000000000001E+001  6.5065350993442777E+001
 1.5000000000000000E+001  6.5792293843208128E+001
 1.5050000000000001E+001  6.5861904029012138E+001
 1.5100000000000001E+001  6.6477997034844904E+001
 1.5150000000000000E+001  6.6397627759817070E+001
 1.5200000000000001E+001  6.5882581057607084E+001
 1.5250000000000000E+001  6.5096330658667000E+001
 1.5300000000000001E+001  6.5019554845515273E+001
 1.5350000000000001E+001  6.4576819047813771E+001
 1.5400000000000000E+001  6.3928652057663754E+001
 1.5450000000000001E+001  6.3950918160436345E+001
 1.5500000000000000E+001  6.4108790318345839E+001
 1.5550000000000001E+001  6.4100850517744135E+001
 1.5600000000000001E+001  6.4819349649496942E+001
 1.5650000000000000E+001  6.4605328177430721E+001
 1.5700000000000001E+001  6.4157305652865787E+001
 1.5750000000000000E+001  6.3646520787011958E+001
 1.5800000000000001E+001  6.3630831779418557E+001
 1.5850000000000001E+001  6.2831540696808041E+001
 1.5900000000000000E+001  6.1800062940041322E+001
 1.5950000000000001E+001  6.1180279680481505E+001
 1.6000000000000000E+001  6.0511980200145231E+001
 1.6050000000000001E+001  6.0355359419318944E+001
 1.6100000000000001E+001  6.0947806901796312E+001
 1.6150000000000002E+001  6.0910997199608346E+001
 1.6199999999999999E+001  6.1130479921196432E+001
 1.6250000000000000E+001  6.1274290481278818E+001
 1.6300000000000001E+001  6.1132290241779295E+001
 1.6350000000000001E+001  6.1529560770390304E+001
 1.6400000000000002E+001  6.2024373068631085E+001
 1.6449999999999999E+001  6.1878225633405073E+001
 1.6500000000000000E+001  6.1834485338367628E+001
 1.6550000000000001E+001  6.2106759753938547E+001
 1.6600000000000001E+001  6.2888973044504162E+001
 1.6650000000000002E+001  6.4164580757302531E+001
 1.6699999999999999E+001  6.5513881773521561E+001
 1.6750000000000000E+001  6.6493982236558779E+001
 1.6800000000000001E+001  6.6921862651931974E+001
 1.6850000000000001E+001  6.6694317081575861E+001
 1.6900000000000002E+001  6.6502528015390894E+001
 1.6949999999999999E+001  6.5876467826099471E+001
 1.7000000000000000E+001  6.5198439196684888E+001
 1.7050000000000001E+001  6.4526982009737040E+001
 1.7100000000000001E+001  6.4239301968280131E+001
 1.7150000000000002E+001  6.4430337333925010E+001
 1.7199999999999999E+001  6.4500550546782350E+001
 1.7250000000000000E+001  6.4691159353075534E+001
 1.7300000000000001E+001  6.5614553603463676E+001
 1.7350000000000001E+001  6.6000248337593803E+001
 1.7400000000000002E+001  6.6962221148037116E+001
 1.7449999999999999E+001  6.7427776215714829E+001
 1.7500000000000000E+001  6.8482449644173670E+001
 1.7550000000000001E+001  6.8668642032919152E+001
 1.7600000000000001E+001  6.9252361770683152E+001
 1.7650000000000002E+001  7.0052633840088632E+001
 1.7699999999999999E+001  6.9660685334568328E+001
 1.7750000000000000E+001  6.9645485118832340E+001
 1.7800000000000001E+001  6.9704463198050263E+001
 1.7850000000000001E+001  6.9854784411772513E+001
 1.7900000000000002E+001  6.9972784100140274E+001
 1.7949999999999999E+001  6.9894249412788128E+001
 1.8000000000000000E+001  6.9305787603507838E+001
 1.8050000000000001E+001  6.9006303501273209E+001
 1.8100000000000001E+001  6.8612694243462968E+001
 1.8150000000000002E+001  6.8351517308581379E+001
 1.8199999999999999E+001  6.8166519766058073E+001
 1.8250000000000000E+001  6.7915994218011605E+001
 1.8300000000000001E+001  6.8079311424286644E+001
 1.8350000000000001E+001  6.8276250658209833E+001
 1.8400000000000002E+001  6.9124918582787146E+001
 1.8449999999999999E+001  6.9794403728013663E+001
 1.8500000000000000E+001  6.9798245031663384E+001
 1.8550000000000001E+001  6.9897016273898359E+001
 1.8600000000000001E+001  7.0466991300708344E+001
 1.8650000000000002E+001  7.1139093010432532E+001
 1.8699999999999999E+001  7.1248722253941267E+001
 1.8750000000000000E+001  7.1176765166947334E+001
 1.8800000000000001E+001  7.0894038683500071E+001
 1.8850000000000001E+001  7.0734058447886937E+001
 1.8900000000000002E+001  7.0361475323165521E+001
 1.8949999999999999E+001  6.9747566536278043E+001
 1.9000000000000000E+001  6.9413230099622069E+001
 1.9050000000000001E+001  6.8739124049679191E+001
 1.9100000000000001E+001  6.8715651459606761E+001
 1.9150000000000002E+001  6.8403407560780906E+001
 1.9200000000000003E+001  6.8485141398589136E+001
 1.9250000000000000E+001  6.8460533896616070E+001
 1.9300000000000001E+001  6.8255171746647306E+001
 1.9350000000000001E+001  6.7748734447552437E+001
 1.9400000000000002E+001  6.7893924895538788E+001
 1.9450000000000003E+001  6.8028107864066243E+001
 1.9500000000000000E+001  6.8116247652941993E+001
 1.9550000000000001E+001  6.8235136127551101E+001
 1.9600000000000001E+001  6.8650476675030575E+001
 1.9650000000000002E+001  6.8696605833282817E+001
 1.9700000000000003E+001  6.8156582330093457E+001
 1.9750000000000000E+001  6.8443225121562818E+001
 1.9800000000000001E+001  6.8658043575204360E+001
 1.9850000000000001E+001  6.8469907035760031E+001
 1.9900000000000002E+001  6.7956610019773436E+001
 1.9950000000000003E+001  6.7446266668085158E+001
 2.0000000000000000E+001  6.7059669868710671E+001
 2.0050000000000001E+001  6.6996820299103561E+001
 2.0100000000000001E+001  6.6849712280167026E+001
 2.0150000000000002E+001  6.6585324871710611E+001
 2.0200000000000003E+001  6.6639808826709981E+001
 2.0250000000000000E+001  6.6915414922046565E+001
 2.0300000000000001E+001  6.7081121129087990E+001
 2.0350000000000001E+001  6.7104919450689721E+001
 2.0400000000000002E+001  6.6900291429367201E+001
 2.0450000000000003E+001  6.6954318101835796E+001
 2.0500000000000000E+001  6.6787339131952052E+001
 2.0550000000000001E+001  6.6635888978834444E+001
 2.0600000000000001E+001  6.6952580237639381E+001
 2.0650000000000002E+001  6.6985099716818397E+001
 2.0700000000000003E+001  6.7010035073762140E+001
 2.0750000000000000E+001  6.7104390502525447E+001
 2.0800000000000001E+001  6.7498158302736911E+001
 2.0850000000000001E+001  6.8171681505419258E+001
 2.0900000000000002E+001  6.8426792736633985E+001
 2.0950000000000003E+001  6.8940728521365614E+001
 2.1000000000000000E+001  6.9657654365901649E+001
 2.1050000000000001E+001  6.9193021989259393E+001
 2.1100000000000001E+001  6.9696722959062214E+001
 2.1150000000000002E+001  7.0045241361957409E+001
 2.1200000000000003E+001  7.0299594115982131E+001
 2.1250000000000000E+001  7.0866786039240722E+001
 2.1300000000000001E+001  7.1258529129734072E+001
 2.1350000000000001E+001  7.1210002563235506E+001
 2.1400000000000002E+001  7.1281353258781380E+001
 2.1450000000000003E+001  7.1051435471864551E+001
 2.1500000000000000E+001  7.0873469421827053E+001
 2.1550000000000001E+001  7.0769139052144155E+001
 2.1600000000000001E+001  7.0212440040138873E+001
 2.1650000000000002E+001  6.9339830689214210E+001
 2.1700000000000003E+001  6.8834170462565041E+001
 2.1750000000000000E+001  6.8455471885195834E+001
 2.1800000000000001E+001  6.8313160615440253E+001
 2.1850000000000001E+001  6.8467642096462043E+001
 2.1900000000000002E+001  6.8838392048807037E+001
 2.1950000000000003E+001  6.9030444156580373E+001
 2.2000000000000000E+001  6.8908574682597845E+001
 2.2050000000000001E+001  6.7653849385758789E+001
 2.2100000000000001E+001  6.7040241049064193E+001
 2.2150000000000002E+001  6.6922980899938040E+001
 2.2200000000000003E+001  6.6976566040408656E+001
 2.2250000000000000E+001  6.6505659292575658E+001
 2.2300000000000001E+001  6.6480241415860078E+001
 2.2350000000000001E+001  6.6041235833047224E+001
 2.2400000000000002E+001  6.6269642330327585E+001
 2.2450000000000003E+001  6.6194270210543138E+001
 2.2500000000000000E+001  6.5764598572218304E+001
 2.2550000000000001E+001  6.5724895874692919E+001
 2.2600000000000001E+001  6.5598496582123587E+001
 2.2650000000000002E+001  6.5177915052282771E+001
 2.2700000000000003E+001  6.4827082673345544E+001
 2.2750000000000000E+001  6.4079608746054632E+001
 2.2800000000000001E+001  6.3571089106132767E+001
 2.2850000000000001E+001  6.3762945712853693E+001
 2.2900000000000002E+001  6.3748477963051052E+001
 2.2950000000000003E+001  6.3446541514350564E+001
 2.3000000000000000E+001  6.2532314094171070E+001
 2.3050000000000001E+001  6.1533980690532800E+001
 2.3100000000000001E+001  6.1037855305358391E+001
 2.3150000000000002E+001  6.0920713576268419E+001
 2.3200000000000003E+001  6.0457915038912340E+001
 2.3250000000000000E+001  6.0359588955014104E+001
 2.3300000000000001E+001  5.9992761978455619E+001
 2.3350000000000001E+001  5.9831457154406529E+001
 2.3400000000000002E+001  5.9677960650429846E+001
 2.3450000000000003E+001  5.9570776245291924E+001
 2.3500000000000000E+001  5.9105237811755252E+001
 2.3550000000000001E+001  5.8616359908520337E+001
 2.3600000000000001E+001  5.8963908512877957E+001
 2.3650000000000002E+001  5.8873034587976704E+001
 2.3700000000000003E+001  5.8137577708297115E+001
 2.3750000000000000E+001  5.7847593256167031E+001
 2.3800000000000001E+001  5.7470227655197355E+001
 2.3850000000000001E+001  5.6967597721545133E+001
 2.3900000000000002E+001  5.7338170775497510E+001
 2.3950000000000003E+001  5.6954445217475829E+001
 2.4000000000000000E+001  5.6628209337322872E+001
 2.4050000000000001E+001  5.6466350860404837E+001
 2.4100000000000001E+001  5.6485231185671950E+001
 2.4150000000000002E+001  5.6391971739879011E+001
 2.4200000000000003E+001  5.6429519156862611E+001
 2.4250000000000000E+001  5.6344206871437301E+001
 2.4300000000000001E+001  5.6242393587971556E+001
 2.4350000000000001E+001  5.6192446767115740E+001
 2.4400000000000002E+001  5.5955899997325957E+001
 2.4450000000000003E+001  5.5793528321869680E+001
 2.4500000000000000E+001  5.5400267681743998E+001
 2.4550000000000001E+001  5.5126985792101145E+001
 2.4600000000000001E+001  5.5294168016527962E+001
 2.4650000000000002E+001  5.5150906149047138E+001
 2.4700000000000003E+001  5.4805502649926758E+001
 2.4750000000000000E+001  5.4186345196022216E+001
 2.4800000000000001E+001  5.3837695020566585E+001
 2.4850000000000001E+001  5.3754217790171346E+001
 2.4900000000000002E+001  5.3652049226887932E+001
 2.4950000000000003E+001  5.3149211151947341E+001
 2.5000000000000000E+001  5.3178800538614979E+001
 2.5050000000000001E+001  5.2910461011071298E+001
 2.5100000000000001E+001  5.2098176318092655E+001
 2.5150000000000002E+001  5.1797407102016194E+001
 2.5200000000000003E+001  5.1658084012577397E+001
 2.5250000000000000E+001  5.1616507140072606E+001
 2.5300000000000001E+001  5.1733895094776500E+001
 2.5350000000000001E+001  5.1395332235071322E+001
 2.5400000000000002E+001  5.1193813252582771E+001
 2.5450000000000003E+001  5.0836679129601052E+001
 2.5500000000000000E+001  5.1032553201294995E+001
 2.5550000000000001E+001  5.1351599584078421E+001
 2.5600000000000001E+001  5.0890020628260551E+001
 2.5650000000000002E+001  5.0615809578970349E+001
 2.5700000000000003E+001  5.0662621617501259E+001
 2.5750000000000000E+001  5.0323383051216204E+001
 2.5800000000000001E+001  4.9940002751490148E+001
 2.5850000000000001E+001  4.9779376177245595E+001
 2.5900000000000002E+001  4.9597265626874488E+001
 2.5950000000000003E+001  4.9703064964841339E+001
 2.6000000000000000E+001  4.9782157704751917E+001
 2.6050000000000001E+001  4.9809654312095063E+001
 2.6100000000000001E+001  4.9599902458254782E+001
 2.6150000000000002E+001  4.9274238651968098E+001
 2.6200000000000003E+001  4.9138244878564009E+001
 2.6250000000000000E+001  4.8762563582496824E+001
 2.6300000000000001E+001  4.8379602322805184E+001
 2.6350000000000001E+001  4.7903265362998965E+001
 2.6400000000000002E+001  4.7487528887657014E+001
 2.6450000000000003E+001  4.7419082102378979E+001
 2.6500000000000000E+001  4.7257597885684746E+001
 2.6550000000000001E+001  4.7486090897869353E+001
 2.6600000000000001E+001  4.7199944126831760E+001
 2.6650000000000002E+001  4.7338848375600584E+001
 2.6700000000000003E+001  4.7201613042656241E+001
 2.6750000000000000E+001  4.6564944644068134E+001
 2.6800000000000001E+001  4.6230561366584958E+001
 2.6850000000000001E+001  4.6338417444493182E+001
 2.6900000000000002E+001  4.6066138121701670E+001
 2.6950000000000003E+001  4.5993971190162348E+001
 2.7000000000000000E+001  4.6137535953735195E+001
 2.7050000000000001E+001  4.6168581026325064E+001
 2.7100000000000001E+001  4.5791110884438694E+001
 2.7150000000000002E+001  4.5410818063185623E+001
 2.7200000000000003E+001  4.5217333296785299E+001
 2.7250000000000000E+001  4.5346160149845666E+001
 2.7300000000000001E+001  4.5068333763301432E+001
 2.7350000000000001E+001  4.4901620302385155E+001
 2.7400000000000002E+001  4.4817332581184878E+001
 2.7450000000000003E+001  4.4555728294163579E+001
 2.7500000000000000E+001  4.4384177004401124E+001
 2.7550000000000001E+001  4.4250607824996258E+001
 2.7600000000000001E+001  4.4245077702438344E+001
 2.7650000000000002E+001  4.4291078714245110E+001
 2.7700000000000003E+001  4.4203950927658731E+001
 2.7750000000000000E+001  4.3870122599242954E+001
 2.7800000000000001E+001  4.3596131441488595E+001
 2.7850000000000001E+001  4.3544305996798649E+001
 2.7900000000000002E+001  4.3487745328514400E+001
 2.7950000000000003E+001  4.3342624968930380E+001
 2.8000000000000000E+001  4.2875869197302492E+001
 2.8050000000000001E+001  4.2845132112281881E+001
 2.8100000000000001E+001  4.2235440532421173E+001
 2.8150000000000002E+001  4.1956653659014059E+001
 2.8200000000000003E+001  4.2286254612395879E+001
 2.8250000000000000E+001  4.2279389740645598E+001
 2.8300000000000001E+001  4.2101415456939932E+001
 2.8350000000000001E+001  4.2153002851689152E+001
 2.8400000000000002E+001  4.2266478485045688E+001
 2.8450000000000003E+001  4.2141304787360582E+001
 2.8500000000000000E+001  4.1917665541937076E+001
 2.8550000000000001E+001  4.1649455869621008E+001
 2.8600000000000001E+001  4.1293891315534047E+001
 2.8650000000000002E+001  4.0938102743875824E+001
 2.8700000000000003E+001  4.0717410325892104E+001
 2.8750000000000000E+001  4.0935665645643020E+001
 2.8800000000000001E+001  4.0864064715841216E+001
 2.8850000000000001E+001  4.0706826303035648E+001
 2.8900000000000002E+001  3.9998592250491157E+001
 2.8950000000000003E+001  4.0475548142529760E+001
 2.9000000000000000E+001  4.0377592748035504E+001
 2.9050000000000001E+001  4.0040508974893676E+001
 2.9100000000000001E+001  4.0085104949767334E+001
 2.9150000000000002E+001  4.0226728110294694E+001
 2.9200000000000003E+001  4.0275315299385291E+001
 2.9250000000000000E+001  4.0227515597822872E+001
 2.9300000000000001E+001  4.0105982159100499E+001
 2.9350000000000001E+001  3.9847340859472951E+001
 2.9400000000000002E+001  3.9360447539650380E+001
 2.9450000000000003E+001  3.9264836409993023E+001
 2.9500000000000000E+001  3.9629465813715626E+001
 2.9550000000000001E+001  3.9494982892356333E+001
 2.9600000000000001E+001  3.9549529600026140E+001
 2.9650000000000002E+001  3.9621941883409441E+001
 2.9700000000000003E+001  3.9133844780323543E+001
 2.9750000000000000E+001  3.8653686913414496E+001
 2.9800000000000001E+001  3.8765774199935258E+001
 2.9850000000000001E+001  3.9165902097397108E+001
 2.9900000000000002E+001  3.9047350181877036E+001
 2.9950000000000003E+001  3.9238293598236787E+001
 3.0000000000000000E+001  3.9118157964108484E+001
 3.0050000000000001E+001  3.8964401243411430E+001
 3.0100000000000001E+001  3.8812076353844525E+001
 3.0150000000000002E+001  3.8866082461181357E+001
 3.0200000000000003E+001  3.8849895013784703E+001
 3.0250000000000000E+001  3.9117756346716149E+001
 3.0300000000000001E+001  3.9073418373944193E+001
 3.0350000000000001E+001  3.8789855848193952E+001
 3.0400000000000002E+001  3.9028194229060318E+001
 3.0450000000000003E+001  3.8957164106433282E+001
 3.0500000000000000E+001  3.8844076126297878E+001
 3.0550000000000001E+001  3.8851125575533992E+001
 3.0600000000000001E+001  3.8881273819744180E+001
 3.0650000000000002E+001  3.8808246909001511E+001
 3.0700000000000003E+001  3.8621312921589670E+001
 3.0750000000000000E+001  3.8661649448084553E+001
 3.0800000000000001E+001  3.9257507582906243E+001
 3.0850000000000001E+001  3.9122655211501019E+001
 3.0900000000000002E+001  3.9029367757815088E+001
 3.0950000000000003E+001  3.9072006825338057E+001
 3.1000000000000000E+001  3.9496846226459475E+001
 3.1050000000000001E+001  3.9037101029974565E+001
 3.1100000000000001E+001  3.8562913692240862E+001
 3.1150000000000002E+001  3.8576551321850843E+001
 3.1200000000000003E+001  3.8796352544442897E+001
 3.1250000000000000E+001  3.9047670931620388E+001
 3.1300000000000001E+001  3.9172542452628306E+001
 3.1350000000000001E+001  3.9152729792721260E+001
 3.1400000000000002E+001  3.9225826170151777E+001
 3.1450000000000003E+001  3.9258104020324765E+001
 3.1500000000000000E+001  3.9627132305418336E+001
 3.1550000000000001E+001  3.9488149259539775E+001
 3.1600000000000001E+001  3.9189500362117478E+001
 3.1650000000000002E+001  3.8903825662134970E+001
 3.1700000000000003E+001  3.9091905973376804E+001
 3.1750000000000000E+001  3.9814042002360715E+001
 3.1800000000000001E+001  3.9490859567917326E+001
 3.1850000000000001E+001  3.9764444756815003E+001
 3.1900000000000002E+001  4.0070858473610308E+001
 3.1950000000000003E+001  4.0229788910563194E+001
 3.2000000000000000E+001  4.0270752118623477E+001
 3.2050000000000004E+001  4.0628788936755448E+001
 3.2100000000000001E+001  4.0471401180945449E+001
 3.2149999999999999E+001  4.0303232471804890E+001
 3.2200000000000003E+001  4.0504998166053696E+001
 3.2250000000000000E+001  4.0822256808962564E+001
 3.2300000000000004E+001  4.0782187597487201E+001
 3.2350000000000001E+001  4.0575181396326016E+001
 3.2399999999999999E+001  4.0446599624481820E+001
 3.2450000000000003E+001  4.0749537781290449E+001
 3.2500000000000000E+001  4.0675757774975082E+001
 3.2550000000000004E+001  4.0943063566432841E+001
 3.2600000000000001E+001  4.1407570130875726E+001
 3.2649999999999999E+001  4.0955034082798548E+001
 3.2700000000000003E+001  4.0743636064307076E+001
 3.2750000000000000E+001  4.0512761982367195E+001
 3.2800000000000004E+001  4.0204715393228284E+001
 3.2850000000000001E+001  4.0321694487179784E+001
 3.2899999999999999E+001  4.0123831365630870E+001
 3.2950000000000003E+001  3.9848673479868381E+001
 3.3000000000000000E+001  3.9655530472555640E+001
 3.3050000000000004E+001  4.0005308010586020E+001
 3.3100000000000001E+001  4.0236073090175381E+001
 3.3149999999999999E+001  4.0285090781805906E+001
 3.3200000000000003E+001  3.9953501498472527E+001
 3.3250000000000000E+001  3.9993081579289552E+001
 3.3300000000000004E+001  4.0136428550559472E+001
 3.3350000000000001E+001  4.0400184095922221E+001
 3.3399999999999999E+001  4.0198265436544609E+001
 3.3450000000000003E+001  3.9416352747723806E+001
 3.3500000000000000E+001  3.9695480522575650E+001
 3.3550000000000004E+001  3.9902090951129203E+001
 3.3600000000000001E+001  4.0210165638801222E+001
 3.3649999999999999E+001  4.0035031475993733E+001
 3.3700000000000003E+001  3.9471713916810046E+001
 3.3750000000000000E+001  3.8928048034083915E+001
 3.3800000000000004E+001  3.8778533145320161E+001
 3.3850000000000001E+001  3.8681759995835890E+001
 3.3899999999999999E+001  3.8731443547673869E+001
 3.3950000000000003E+001  3.8714587904134611E+001
 3.4000000000000000E+001  3.9272189329596927E+001
 3.4050000000000004E+001  3.9526033757757041E+001
 3.4100000000000001E+001  3.9100242747101042E+001
 3.4149999999999999E+001  3.8436812448013519E+001
 3.4200000000000003E+001  3.8470447161318013E+001
 3.4250000000000000E+001  3.8498903734096416E+001
 3.4300000000000004E+001  3.8793168676803411E+001
 3.4350000000000001E+001  3.8394279344912889E+001
 3.4399999999999999E+001  3.8182600202120256E+001
 3.4450000000000003E+001  3.8294209804944487E+001
 3.4500000000000000E+001  3.8263289501312570E+001
 3.4550000000000004E+001  3.8065736554029783E+001
 3.4600000000000001E+001  3.8568023818497920E+001
 3.4649999999999999E+001  3.8518739443968471E+001
 3.4700000000000003E+001  3.8408885158078874E+001
 3.4750000000000000E+001  3.8976957017498655E+001
 3.4800000000000004E+001  3.8644274674102604E+001
 3.4850000000000001E+001  3.8307263862003033E+001
 3.4899999999999999E+001  3.8277262638109050E+001
 3.4950000000000003E+001  3.8242314697328631E+001
 3.5000000000000000E+001  3.8300452986580488E+001
 3.5050000000000004E+001  3.7837800675591794E+001
 3.5100000000000001E+001  3.8205846234680138E+001
 3.5149999999999999E+001  3.8365134019011002E+001
 3.5200000000000003E+001  3.8004245875173012E+001
 3.5250000000000000E+001  3.7503197016465712E+001
 3.5300000000000004E+001  3.7342829970281279E+001
 3.5350000000000001E+001  3.7250214423564323E+001
 3.5399999999999999E+001  3.7273377083883339E+001
 3.5450000000000003E+001  3.7314812687254921E+001
 3.5500000000000000E+001  3.7034947753244715E+001
 3.5550000000000004E+001  3.6922724997039573E+001
 3.5600000000000001E+001  3.7525500136295982E+001
 3.5649999999999999E+001  3.7630494997795005E+001
 3.5700000000000003E+001  3.7273435064075450E+001
 3.5750000000000000E+001  3.7379685133405623E+001
 3.5800000000000004E+001  3.7735262207379790E+001
 3.5850000000000001E+001  3.7254710394169919E+001
 3.5899999999999999E+001  3.7380156859228016E+001
 3.5950000000000003E+001  3.7169450804834632E+001
 3.6000000000000000E+001  3.6737775745514490E+001
 3.6050000000000004E+001  3.6818719549960115E+001
 3.6100000000000001E+001  3.7354198916092116E+001
 3.6149999999999999E+001  3.7124874113143768E+001
 3.6200000000000003E+001  3.6860835633574666E+001
 3.6250000000000000E+001  3.6456996704212791E+001
 3.6300000000000004E+001  3.6471075291696707E+001
 3.6350000000000001E+001  3.6266997416529826E+001
 3.6399999999999999E+001  3.5756677997488993E+001
 3.6450000000000003E+001  3.5832195535600363E+001
 3.6500000000000000E+001  3.6136262512965686E+001
 3.6550000000000004E+001  3.6637806360811467E+001
 3.6600000000000001E+001  3.6260268714231138E+001
 3.6649999999999999E+001  3.5995688151897191E+001
 3.6700000000000003E+001  3.5714987281633853E+001
 3.6750000000000000E+001  3.5677682871396051E+001
 3.6800000000000004E+001  3.6030504704785940E+001
 3.6850000000000001E+001  3.6683602697199319E+001
 3.6899999999999999E+001  3.6011178769079613E+001
 3.6950000000000003E+001  3.5771495759708095E+001
 3.7000000000000000E+001  3.5688463689110996E+001
 3.7050000000000004E+001  3.5765381197709921E+001
 3.7100000000000001E+001  3.5470738899366019E+001
 3.7149999999999999E+001  3.5431497750251701E+001
 3.7200000000000003E+001  3.5555182640054895E+001
 3.7250000000000000E+001  3.5538607399787914E+001
 3.7300000000000004E+001  3.5079191479182015E+001
 3.7350000000000001E+001  3.5358242059152111E+001
 3.7399999999999999E+001  3.5518659882357582E+001
 3.7450000000000003E+001  3.5938396066141614E+001
 3.7500000000000000E+001  3.6215053720710372E+001
 3.7550000000000004E+001  3.6365272459243613E+001
 3.7600000000000001E+001  3.5241848395783123E+001
 3.7649999999999999E+001  3.4901621707280576E+001
 3.7700000000000003E+001  3.5316074025009947E+001
 3.7750000000000000E+001  3.4828272876314038E+001
 3.7800000000000004E+001  3.4684191084832662E+001
 3.7850000000000001E+001  3.5266014375976994E+001
 3.7899999999999999E+001  3.5721745412871016E+001
 3.7950000000000003E+001  3.4523464618360826E+001
 3.8000000000000000E+001  3.4016395950377785E+001
 3.8050000000000004E+001  3.3945422420426418E+001
 3.8100000000000001E+001  3.5046221859947764E+001
 3.8149999999999999E+001  3.5479008791865105E+001
 3.8200000000000003E+001  3.5232566279697544E+001
 3.8250000000000000E+001  3.4370157991891233E+001
 3.8300000000000004E+001  3.4261821562415584E+001
 3.8350000000000001E+001  3.4723894115141576E+001
 3.8400000000000006E+001  3.4578115430155741E+001
 3.8450000000000003E+001  3.4114083370534352E+001
 3.8500000000000000E+001  3.4231543424864959E+001
 3.8550000000000004E+001  3.3270432404992306E+001
 3.8600000000000001E+001  3.3714470239722367E+001
 3.8650000000000006E+001  3.3525619257559967E+001
 3.8700000000000003E+001  3.3380541524719852E+001
 3.8750000000000000E+001  3.4306939593867071E+001
 3.8800000000000004E+001  3.4645130354719505E+001
 3.8850000000000001E+001  3.4378033543250638E+001
 3.8900000000000006E+001  3.3692247712727031E+001
 3.8950000000000003E+001  3.4218825733303305E+001
 3.9000000000000000E+001  3.3998589153249739E+001
 3.9050000000000004E+001  3.3412953118624998E+001
 3.9100000000000001E+001  3.3854455295693363E+001
 3.9150000000000006E+001  3.4416718003586674E+001
 3.9200000000000003E+001  3.4664704245820438E+001
 3.9250000000000000E+001  3.4648473660627040E+001
 3.9300000000000004E+001  3.3463222457981665E+001
 3.9350000000000001E+001  3.2894448013941599E+001
 3.9400000000000006E+001  3.2602801731455344E+001
 3.9450000000000003E+001  3.2351418709912508E+001
 3.9500000000000000E+001  3.3096557889772505E+001
 3.9550000000000004E+001  3.2689046481909621E+001
 3.9600000000000001E+001  3.1966337144463125E+001
 3.9650000000000006E+001  3.2565434196885178E+001
 3.9700000000000003E+001  3.1423480215155660E+001
 3.9750000000000000E+001  3.0695574947377654E+001
 3.9800000000000004E+001  3.1424420105443033E+001
 3.9850000000000001E+001  3.1734697521349041E+001
 3.9900000000000006E+001  3.1438168154235768E+001
 3.9950000000000003E+001  3.0037873306651768E+001
 4.0000000000000000E+001  3.1303297380344162E+001
 4.0050000000000004E+001  3.3046548080631567E+001
 4.0100000000000001E+001  3.2850247300763741E+001
 4.0150000000000006E+001  3.2856854249808769E+001
 4.0200000000000003E+001  3.1738290739769337E+001
 4.0250000000000000E+001  3.0651900121018656E+001
 4.0300000000000004E+001  3.0369584027616749E+001
 4.0350000000000001E+001  3.1482430645314366E+001
 4.0400000000000006E+001  3.1583677410338755E+001
 4.0450000000000003E+001  3.2349282836911193E+001
 4.0500000000000000E+001  3.1774398557200499E+001
 4.0550000000000004E+001  3.2209258524999179E+001
 4.0600000000000001E+001  3.1355824495171127E+001
 4.0650000000000006E+001  3.2856408559402055E+001
 4.0700000000000003E+001  3.1870545881790061E+001
 4.0750000000000000E+001  3.0816656406525336E+001
 4.0800000000000004E+001  3.0754910951334342E+001
 4.0850000000000001E+001  3.1918130773372745E+001
 4.0900000000000006E+001  3.0316248852401650E+001
 4.0950000000000003E+001  3.2012646847143444E+001
 4.1000000000000000E+001  3.4129306624609441E+001
 4.1050000000000004E+001  3.1394690815296347E+001
 4.1100000000000001E+001  2.7871652599620418E+001
 4.1150000000000006E+001  2.6388857985367462E+001
 4.1200000000000003E+001  3.3697465359041601E+001
 4.1250000000000000E+001  3.6837173109697396E+001
