 2.4000000000000004E+000  1.3997008965508622E+001
 2.4500000000000002E+000  1.2385851563257287E+001
 2.5000000000000000E+000  1.1453760616959592E+001
 2.5500000000000003E+000  1.2163644780934415E+001
 2.6000000000000001E+000  1.3770164528434060E+001
 2.6500000000000004E+000  1.6574887378843552E+001
 2.7000000000000002E+000  1.7488270341131479E+001
 2.7500000000000000E+000  1.9911569280767260E+001
 2.8000000000000003E+000  2.9111386084123271E+001
 2.8500000000000001E+000  6.3197501042905564E+001
 2.9000000000000004E+000  1.5117979303094671E+002
 2.9500000000000002E+000  3.0284009525369913E+002
 3.0000000000000000E+000  4.4376885139755626E+002
 3.0500000000000003E+000  5.5866171340251140E+002
 3.1000000000000001E+000  6.7174371784194136E+002
 3.1500000000000004E+000  7.0934830694773973E+002
 3.2000000000000002E+000  6.0569142568672862E+002
 3.2500000000000000E+000  4.5556373289403666E+002
 3.3000000000000003E+000  3.5633968873489908E+002
 3.3500000000000001E+000  3.3724554830258739E+002
 3.4000000000000004E+000  3.3827866195134038E+002
 3.4500000000000002E+000  3.0910883787572965E+002
 3.5000000000000000E+000  2.7111859721398218E+002
 3.5500000000000003E+000  2.4081219652657023E+002
 3.6000000000000001E+000  2.1001416403993565E+002
 3.6500000000000004E+000  1.8235521736191646E+002
 3.7000000000000002E+000  1.6110561598000487E+002
 3.7500000000000000E+000  1.4682759376892585E+002
 3.8000000000000003E+000  1.3222773998244116E+002
 3.8500000000000001E+000  1.1829143071556258E+002
 3.9000000000000004E+000  1.1425124770427463E+002
 3.9500000000000002E+000  1.1196151568009560E+002
 4.0000000000000000E+000  1.0978178540262206E+002
 4.0499999999999998E+000  1.0985840225326952E+002
 4.1000000000000005E+000  1.0900837580076637E+002
 4.1500000000000004E+000  1.0774850408148583E+002
 4.2000000000000002E+000  1.0609681221663303E+002
 4.2500000000000000E+000  1.0372524020297402E+002
 4.2999999999999998E+000  1.0250108239172027E+002
 4.3500000000000005E+000  1.0205188366637148E+002
 4.4000000000000004E+000  9.8930585952106895E+001
 4.4500000000000002E+000  9.4715738778507514E+001
 4.5000000000000000E+000  9.2091474350635522E+001
 4.5499999999999998E+000  9.1394924816243872E+001
 4.6000000000000005E+000  8.9597429051270765E+001
 4.6500000000000004E+000  8.6794751848092886E+001
 4.7000000000000002E+000  8.5555024505858341E+001
 4.7500000000000000E+000  8.3458867065970978E+001
 4.8000000000000007E+000  8.2837117355931923E+001
 4.8500000000000005E+000  8.2136116763839439E+001
 4.9000000000000004E+000  8.0879192973949188E+001
 4.9500000000000002E+000  7.7009867312653839E+001
 5.0000000000000000E+000  7.2616184937278973E+001
 5.0500000000000007E+000  6.9532717336416454E+001
 5.1000000000000005E+000  6.8408254530581999E+001
 5.1500000000000004E+000  6.8373200546497515E+001
 5.2000000000000002E+000  7.0059975035452624E+001
 5.2500000000000000E+000  7.4405846801261035E+001
 5.3000000000000007E+000  7.9973607714304279E+001
 5.3500000000000005E+000  8.5144299143429194E+001
 5.4000000000000004E+000  8.9060145958494374E+001
 5.4500000000000002E+000  8.7785727893583314E+001
 5.5000000000000000E+000  8.3133882249432077E+001
 5.5500000000000007E+000  7.6640865460666518E+001
 5.6000000000000005E+000  6.9420236671080445E+001
 5.6500000000000004E+000  6.5528026340860976E+001
 5.7000000000000002E+000  6.1510781311843822E+001
 5.7500000000000000E+000  5.9529929847931584E+001
 5.8000000000000007E+000  5.7990344466076643E+001
 5.8500000000000005E+000  5.6283439168654795E+001
 5.9000000000000004E+000  5.6182882593663095E+001
 5.9500000000000002E+000  5.8211225012837005E+001
 6.0000000000000000E+000  6.3447722569486380E+001
 6.0500000000000007E+000  7.2577466584637321E+001
 6.1000000000000005E+000  8.3247504944757324E+001
 6.1500000000000004E+000  9.1369465970084548E+001
 6.2000000000000002E+000  9.7059493723155356E+001
 6.2500000000000000E+000  9.7585685566635860E+001
 6.3000000000000007E+000  9.1107966259783254E+001
 6.3500000000000005E+000  8.1429211558119377E+001
 6.4000000000000004E+000  7.1408407385057615E+001
 6.4500000000000002E+000  6.4241460172331799E+001
 6.5000000000000000E+000  5.9620885763785978E+001
 6.5500000000000007E+000  5.8526776833793434E+001
 6.6000000000000005E+000  5.8536588784223312E+001
 6.6500000000000004E+000  6.1135750464111453E+001
 6.7000000000000002E+000  6.7242304881035537E+001
 6.7500000000000000E+000  7.6256015802174119E+001
 6.8000000000000007E+000  8.7405410035494782E+001
 6.8500000000000005E+000  9.7062729643693046E+001
 6.9000000000000004E+000  9.8861417272885802E+001
 6.9500000000000002E+000  9.6910181258973978E+001
 7.0000000000000000E+000  9.6607424395953146E+001
 7.0500000000000007E+000  1.0058241311930470E+002
 7.1000000000000005E+000  1.0751320571117147E+002
 7.1500000000000004E+000  1.1048328133992221E+002
 7.2000000000000002E+000  1.0720641030516057E+002
 7.2500000000000000E+000  9.8389483727101521E+001
 7.3000000000000007E+000  8.6070892345192846E+001
 7.3500000000000005E+000  7.7005486593824600E+001
 7.4000000000000004E+000  7.2777538807691968E+001
 7.4500000000000002E+000  7.1400784977741736E+001
 7.5000000000000000E+000  7.0489581927481098E+001
 7.5500000000000007E+000  7.2063775984265718E+001
 7.6000000000000005E+000  7.6990388107161451E+001
 7.6500000000000004E+000  8.5525901324010320E+001
 7.7000000000000002E+000  1.0084730092908761E+002
 7.7500000000000000E+000  1.2221754532323102E+002
 7.8000000000000007E+000  1.4455295920196701E+002
 7.8500000000000005E+000  1.5690879312442769E+002
 7.9000000000000004E+000  1.5225442094665561E+002
 7.9500000000000002E+000  1.3797460198654838E+002
 8.0000000000000000E+000  1.2441441795680673E+002
 8.0500000000000007E+000  1.1743744724186467E+002
 8.0999999999999996E+000  1.1694124733102292E+002
 8.1500000000000004E+000  1.1951090858578759E+002
 8.2000000000000011E+000  1.2208174110001501E+002
 8.2500000000000000E+000  1.2105270105444882E+002
 8.3000000000000007E+000  1.1503740956222612E+002
 8.3499999999999996E+000  1.0529902066516156E+002
 8.4000000000000004E+000  9.6480327229576091E+001
 8.4500000000000011E+000  9.1157224685289734E+001
 8.5000000000000000E+000  9.1123493195270100E+001
 8.5500000000000007E+000  9.7352425589769297E+001
 8.5999999999999996E+000  1.0818800109142897E+002
 8.6500000000000004E+000  1.1924432519283540E+002
 8.7000000000000011E+000  1.2563526743132991E+002
 8.7500000000000000E+000  1.2205261261774680E+002
 8.8000000000000007E+000  1.0916069994167782E+002
 8.8499999999999996E+000  9.4551602269196707E+001
 8.9000000000000004E+000  8.2717624173512789E+001
 8.9500000000000011E+000  7.4099363227502849E+001
 9.0000000000000000E+000  6.9028126762787679E+001
 9.0500000000000007E+000  6.6590376307287343E+001
 9.0999999999999996E+000  6.5078582679162508E+001
 9.1500000000000004E+000  6.5138729857083732E+001
 9.2000000000000011E+000  6.6809448782190245E+001
 9.2500000000000000E+000  6.9221147635988757E+001
 9.3000000000000007E+000  7.2910634258919472E+001
 9.3499999999999996E+000  7.7012216566073150E+001
 9.4000000000000004E+000  8.0686052020535939E+001
 9.4500000000000011E+000  8.4833253221154678E+001
 9.5000000000000000E+000  9.0832421023821212E+001
 9.5500000000000007E+000  9.6611990149635020E+001
 9.6000000000000014E+000  1.0090875876746611E+002
 9.6500000000000004E+000  1.0489836918141305E+002
 9.7000000000000011E+000  1.0784414140575350E+002
 9.7500000000000000E+000  1.0830965799771228E+002
 9.8000000000000007E+000  1.0352951124370091E+002
 9.8500000000000014E+000  9.4562219729438354E+001
 9.9000000000000004E+000  8.3588823597856802E+001
 9.9500000000000011E+000  7.4987708909442006E+001
 1.0000000000000000E+001  6.9560178659372212E+001
 1.0050000000000001E+001  6.7339400060001225E+001
 1.0100000000000001E+001  6.7622198033180482E+001
 1.0150000000000000E+001  6.8069614673106798E+001
 1.0200000000000001E+001  7.0121599004586969E+001
 1.0250000000000000E+001  7.1380598139106809E+001
 1.0300000000000001E+001  7.1359127732514125E+001
 1.0350000000000001E+001  6.9279371613663358E+001
 1.0400000000000000E+001  6.5250661388399578E+001
 1.0450000000000001E+001  6.1648690566854633E+001
 1.0500000000000000E+001  5.9467325188408438E+001
 1.0550000000000001E+001  5.9320646722362909E+001
 1.0600000000000001E+001  6.1709639076078837E+001
 1.0650000000000000E+001  6.6009284003779698E+001
 1.0700000000000001E+001  7.1257997014950021E+001
 1.0750000000000000E+001  7.6533239002495606E+001
 1.0800000000000001E+001  8.1140142506001041E+001
 1.0850000000000001E+001  8.3859305696010310E+001
 1.0900000000000000E+001  8.5815955860866438E+001
 1.0950000000000001E+001  8.5807534031314404E+001
 1.1000000000000000E+001  8.4231575831827627E+001
 1.1050000000000001E+001  8.3486355568027165E+001
 1.1100000000000001E+001  8.4975042936486361E+001
 1.1150000000000000E+001  8.8621657553228602E+001
 1.1200000000000001E+001  9.2032337663943977E+001
 1.1250000000000000E+001  9.3946304793132953E+001
 1.1300000000000001E+001  9.1167560675440569E+001
 1.1350000000000001E+001  8.5655061493682638E+001
 1.1400000000000000E+001  7.9998243655398625E+001
 1.1450000000000001E+001  7.7037690413480462E+001
 1.1500000000000000E+001  7.6497455499920903E+001
 1.1550000000000001E+001  7.8170200519145979E+001
 1.1600000000000001E+001  8.0649448666221190E+001
 1.1650000000000000E+001  8.1519718175810553E+001
 1.1700000000000001E+001  8.1898317811505791E+001
 1.1750000000000000E+001  8.2070791454055069E+001
 1.1800000000000001E+001  8.2866645828083648E+001
 1.1850000000000001E+001  8.2715541215572244E+001
 1.1900000000000000E+001  8.2193336715311972E+001
 1.1950000000000001E+001  8.2706834385920502E+001
 1.2000000000000000E+001  8.4816024852239494E+001
 1.2050000000000001E+001  8.8644761898117508E+001
 1.2100000000000001E+001  9.2744574349653561E+001
 1.2150000000000000E+001  9.6816418836597151E+001
 1.2200000000000001E+001  9.9629722728969654E+001
 1.2250000000000000E+001  9.8864425985987793E+001
 1.2300000000000001E+001  9.4324483875681281E+001
 1.2350000000000001E+001  8.8519793807681452E+001
 1.2400000000000000E+001  8.4157170402642237E+001
 1.2450000000000001E+001  8.2256183509221529E+001
 1.2500000000000000E+001  8.0979537683478654E+001
 1.2550000000000001E+001  7.9955066501321838E+001
 1.2600000000000001E+001  7.9078883290560199E+001
 1.2650000000000000E+001  7.8561207717955426E+001
 1.2700000000000001E+001  7.8147401882549019E+001
 1.2750000000000000E+001  7.7763076869314318E+001
 1.2800000000000001E+001  7.6256611664518616E+001
 1.2850000000000001E+001  7.4522961481330029E+001
 1.2900000000000000E+001  7.2097230849260427E+001
 1.2950000000000001E+001  6.9092295165309437E+001
 1.3000000000000000E+001  6.6744775382994234E+001
 1.3050000000000001E+001  6.5291940361742206E+001
 1.3100000000000001E+001  6.4426271428291258E+001
 1.3150000000000000E+001  6.5020641892670483E+001
 1.3200000000000001E+001  6.7094403136919297E+001
 1.3250000000000000E+001  6.9678469612959773E+001
 1.3300000000000001E+001  7.4038281158313538E+001
 1.3350000000000001E+001  7.9029741784380221E+001
 1.3400000000000000E+001  8.5132421395142956E+001
 1.3450000000000001E+001  9.1059516869271121E+001
 1.3500000000000000E+001  9.5331014857986958E+001
 1.3550000000000001E+001  9.7157538730632780E+001
 1.3600000000000001E+001  9.6280266336955108E+001
 1.3650000000000000E+001  9.2889890793903646E+001
 1.3700000000000001E+001  8.7063415835438221E+001
 1.3750000000000000E+001  8.1173693925723839E+001
 1.3800000000000001E+001  7.6461981300970663E+001
 1.3850000000000001E+001  7.3666815903179199E+001
 1.3900000000000000E+001  7.2900441652756015E+001
 1.3950000000000001E+001  7.3358916925689428E+001
 1.4000000000000000E+001  7.3680019226085179E+001
 1.4050000000000001E+001  7.3154601910803294E+001
 1.4100000000000001E+001  7.2853846907889348E+001
 1.4150000000000000E+001  7.1821544500357177E+001
 1.4200000000000001E+001  7.0097208623309783E+001
 1.4250000000000000E+001  6.7839420555851021E+001
 1.4300000000000001E+001  6.5693308401637324E+001
 1.4350000000000001E+001  6.4544272120624100E+001
 1.4400000000000000E+001  6.4516095295409698E+001
 1.4450000000000001E+001  6.3552721378981495E+001
 1.4500000000000000E+001  6.1620693518036177E+001
 1.4550000000000001E+001  5.9600467523375876E+001
 1.4600000000000001E+001  5.8181639710944289E+001
 1.4650000000000000E+001  5.7471260601979552E+001
 1.4700000000000001E+001  5.6869843556656043E+001
 1.4750000000000000E+001  5.6970989904034475E+001
 1.4800000000000001E+001  5.8042902453759325E+001
 1.4850000000000001E+001  5.9336511867950470E+001
 1.4900000000000000E+001  6.0077782999743988E+001
 1.4950000000000001E+001  6.0354055906332910E+001
 1.5000000000000000E+001  6.0271890547030296E+001
 1.5050000000000001E+001  5.9718802520227172E+001
 1.5100000000000001E+001  5.8411542971963257E+001
 1.5150000000000000E+001  5.7373835109039312E+001
 1.5200000000000001E+001  5.6714011744538901E+001
 1.5250000000000000E+001  5.6804685691874866E+001
 1.5300000000000001E+001  5.7249639283046946E+001
 1.5350000000000001E+001  5.8358879248976272E+001
 1.5400000000000000E+001  6.0306151365785595E+001
 1.5450000000000001E+001  6.2005869487343048E+001
 1.5500000000000000E+001  6.3059400718854100E+001
 1.5550000000000001E+001  6.3447560153723281E+001
 1.5600000000000001E+001  6.4946081917644207E+001
 1.5650000000000000E+001  6.6718605693588046E+001
 1.5700000000000001E+001  6.8232444878967968E+001
 1.5750000000000000E+001  6.7702551589430115E+001
 1.5800000000000001E+001  6.6342954747508756E+001
 1.5850000000000001E+001  6.4548120160986954E+001
 1.5900000000000000E+001  6.3488499327637989E+001
 1.5950000000000001E+001  6.3217520078116372E+001
 1.6000000000000000E+001  6.3061765663527758E+001
 1.6050000000000001E+001  6.3268497811676582E+001
 1.6100000000000001E+001  6.3284567122349046E+001
 1.6150000000000002E+001  6.3974163383179430E+001
 1.6199999999999999E+001  6.6229277553739166E+001
 1.6250000000000000E+001  6.9036355257936407E+001
 1.6300000000000001E+001  7.1567685505488257E+001
 1.6350000000000001E+001  7.3369886413834251E+001
 1.6400000000000002E+001  7.4323060836620243E+001
 1.6449999999999999E+001  7.3340746344559761E+001
 1.6500000000000000E+001  7.1079827163009824E+001
 1.6550000000000001E+001  6.8345488093033794E+001
 1.6600000000000001E+001  6.5327656077044750E+001
 1.6650000000000002E+001  6.3333927078184985E+001
 1.6699999999999999E+001  6.1410206093724959E+001
 1.6750000000000000E+001  6.0431564639069478E+001
 1.6800000000000001E+001  6.0134969726113049E+001
 1.6850000000000001E+001  5.9914906451020038E+001
 1.6900000000000002E+001  5.9749028132163431E+001
 1.6949999999999999E+001  5.9298276546527532E+001
 1.7000000000000000E+001  5.9652725045284640E+001
 1.7050000000000001E+001  6.0261791671662642E+001
 1.7100000000000001E+001  6.1238584215466034E+001
 1.7150000000000002E+001  6.2671812893139709E+001
 1.7199999999999999E+001  6.4602716352337396E+001
 1.7250000000000000E+001  6.5371618655365637E+001
 1.7300000000000001E+001  6.6139765907298809E+001
 1.7350000000000001E+001  6.6579431485989929E+001
 1.7400000000000002E+001  6.7541236188753345E+001
 1.7449999999999999E+001  6.7999529026256496E+001
 1.7500000000000000E+001  6.8675546905452833E+001
 1.7550000000000001E+001  6.8968202461879997E+001
 1.7600000000000001E+001  6.8872870162687150E+001
 1.7650000000000002E+001  6.7484269725523006E+001
 1.7699999999999999E+001  6.6179597054007232E+001
 1.7750000000000000E+001  6.4908015568817248E+001
 1.7800000000000001E+001  6.3547114722036454E+001
 1.7850000000000001E+001  6.2506237659174460E+001
 1.7900000000000002E+001  6.2048879796231127E+001
 1.7949999999999999E+001  6.1669766713417502E+001
 1.8000000000000000E+001  6.1963362256878355E+001
 1.8050000000000001E+001  6.3053295789769962E+001
 1.8100000000000001E+001  6.4573942565374693E+001
 1.8150000000000002E+001  6.5307935434560022E+001
 1.8199999999999999E+001  6.5944929227110208E+001
 1.8250000000000000E+001  6.6426120031261050E+001
 1.8300000000000001E+001  6.7584427516011743E+001
 1.8350000000000001E+001  6.7624052772683740E+001
 1.8400000000000002E+001  6.7487376963619496E+001
 1.8449999999999999E+001  6.6967511370182734E+001
 1.8500000000000000E+001  6.6031078952707972E+001
 1.8550000000000001E+001  6.4703981525755154E+001
 1.8600000000000001E+001  6.4541258455523746E+001
 1.8650000000000002E+001  6.5349724030325874E+001
 1.8699999999999999E+001  6.6189004599973558E+001
 1.8750000000000000E+001  6.8148768180213253E+001
 1.8800000000000001E+001  7.0661542169896464E+001
 1.8850000000000001E+001  7.3624764168138512E+001
 1.8900000000000002E+001  7.5612201354086963E+001
 1.8949999999999999E+001  7.7510379353276846E+001
 1.9000000000000000E+001  7.8639200000521427E+001
 1.9050000000000001E+001  7.8542535074386180E+001
 1.9100000000000001E+001  7.7457266640958821E+001
 1.9150000000000002E+001  7.5982936763091828E+001
 1.9200000000000003E+001  7.5046339606956110E+001
 1.9250000000000000E+001  7.4798568444624451E+001
 1.9300000000000001E+001  7.4744005695003494E+001
 1.9350000000000001E+001  7.4424314749451099E+001
 1.9400000000000002E+001  7.3806216573153591E+001
 1.9450000000000003E+001  7.3384302084575666E+001
 1.9500000000000000E+001  7.2674669084913830E+001
 1.9550000000000001E+001  7.1891483126583026E+001
 1.9600000000000001E+001  7.1080478790650758E+001
 1.9650000000000002E+001  6.9939713005474047E+001
 1.9700000000000003E+001  6.8341484863988441E+001
 1.9750000000000000E+001  6.6052749028272331E+001
 1.9800000000000001E+001  6.3985365278294658E+001
 1.9850000000000001E+001  6.2469117900888335E+001
 1.9900000000000002E+001  6.1776933478154334E+001
 1.9950000000000003E+001  6.1420886575989535E+001
 2.0000000000000000E+001  6.2367593378291964E+001
 2.0050000000000001E+001  6.4098667582614681E+001
 2.0100000000000001E+001  6.5405468790413082E+001
 2.0150000000000002E+001  6.6132822705286827E+001
 2.0200000000000003E+001  6.6081920402935495E+001
 2.0250000000000000E+001  6.6170067464391764E+001
 2.0300000000000001E+001  6.6091840787232158E+001
 2.0350000000000001E+001  6.5863019070306407E+001
 2.0400000000000002E+001  6.5381213159617872E+001
 2.0450000000000003E+001  6.4868320423373731E+001
 2.0500000000000000E+001  6.4472429899569690E+001
 2.0550000000000001E+001  6.4116417021889688E+001
 2.0600000000000001E+001  6.3685957179726863E+001
 2.0650000000000002E+001  6.3522513392976350E+001
 2.0700000000000003E+001  6.3283550479221880E+001
 2.0750000000000000E+001  6.3080499112145681E+001
 2.0800000000000001E+001  6.3077118185135596E+001
 2.0850000000000001E+001  6.2573567947654468E+001
 2.0900000000000002E+001  6.3066539678745734E+001
 2.0950000000000003E+001  6.3642681141206154E+001
 2.1000000000000000E+001  6.3964571396542176E+001
 2.1050000000000001E+001  6.4671928571887292E+001
 2.1100000000000001E+001  6.5742078506254202E+001
 2.1150000000000002E+001  6.7602059982987612E+001
 2.1200000000000003E+001  6.9547110666609228E+001
 2.1250000000000000E+001  7.2312505690572664E+001
 2.1300000000000001E+001  7.5547248834311816E+001
 2.1350000000000001E+001  7.7811771256009621E+001
 2.1400000000000002E+001  7.8837248575680491E+001
 2.1450000000000003E+001  7.9439686164967171E+001
 2.1500000000000000E+001  7.8764448634700656E+001
 2.1550000000000001E+001  7.8320667958210535E+001
 2.1600000000000001E+001  7.7792733066114621E+001
 2.1650000000000002E+001  7.7164105188129383E+001
 2.1700000000000003E+001  7.6277027409718798E+001
 2.1750000000000000E+001  7.5788517322496318E+001
 2.1800000000000001E+001  7.5585643438543798E+001
 2.1850000000000001E+001  7.4985295334535394E+001
 2.1900000000000002E+001  7.4361049561321394E+001
 2.1950000000000003E+001  7.3662035083054548E+001
 2.2000000000000000E+001  7.3146406973222483E+001
 2.2050000000000001E+001  7.3176010060169162E+001
 2.2100000000000001E+001  7.3403778001033459E+001
 2.2150000000000002E+001  7.3580436983849168E+001
 2.2200000000000003E+001  7.3418068296182483E+001
 2.2250000000000000E+001  7.2733574723228173E+001
 2.2300000000000001E+001  7.1644590062829934E+001
 2.2350000000000001E+001  6.9993454762748598E+001
 2.2400000000000002E+001  6.8364287783675053E+001
 2.2450000000000003E+001  6.7076521110202137E+001
 2.2500000000000000E+001  6.5940354213717185E+001
 2.2550000000000001E+001  6.4873869880393073E+001
 2.2600000000000001E+001  6.4320709813187506E+001
 2.2650000000000002E+001  6.3509612339244981E+001
 2.2700000000000003E+001  6.3172774462084952E+001
 2.2750000000000000E+001  6.2566820800391994E+001
 2.2800000000000001E+001  6.1599949044970820E+001
 2.2850000000000001E+001  6.1268714291972593E+001
 2.2900000000000002E+001  6.1313014192262500E+001
 2.2950000000000003E+001  6.1332978117580794E+001
 2.3000000000000000E+001  6.1438461186670736E+001
 2.3050000000000001E+001  6.2450019946983666E+001
 2.3100000000000001E+001  6.3418045182069179E+001
 2.3150000000000002E+001  6.4095329585746086E+001
 2.3200000000000003E+001  6.4423373597313855E+001
 2.3250000000000000E+001  6.4880971964106365E+001
 2.3300000000000001E+001  6.4377306726284786E+001
 2.3350000000000001E+001  6.3651341166574980E+001
 2.3400000000000002E+001  6.3091015098151480E+001
 2.3450000000000003E+001  6.2421788945841755E+001
 2.3500000000000000E+001  6.1652409830420154E+001
 2.3550000000000001E+001  6.0829484624577248E+001
 2.3600000000000001E+001  5.9879425217619769E+001
 2.3650000000000002E+001  5.8972654554953870E+001
 2.3700000000000003E+001  5.8359589546961054E+001
 2.3750000000000000E+001  5.7803477770432650E+001
 2.3800000000000001E+001  5.7090156286660978E+001
 2.3850000000000001E+001  5.7184126583608084E+001
 2.3900000000000002E+001  5.6948019342733261E+001
 2.3950000000000003E+001  5.6281179326083034E+001
 2.4000000000000000E+001  5.6236352402978611E+001
 2.4050000000000001E+001  5.6467253629688628E+001
 2.4100000000000001E+001  5.6321886480284022E+001
 2.4150000000000002E+001  5.6515982165649781E+001
 2.4200000000000003E+001  5.6947880209417157E+001
 2.4250000000000000E+001  5.6652481920804654E+001
 2.4300000000000001E+001  5.6433811536843820E+001
 2.4350000000000001E+001  5.6772876371994400E+001
 2.4400000000000002E+001  5.6495543867871383E+001
 2.4450000000000003E+001  5.6544621869197336E+001
 2.4500000000000000E+001  5.6649211906221929E+001
 2.4550000000000001E+001  5.6065901019878169E+001
 2.4600000000000001E+001  5.5608415757112994E+001
 2.4650000000000002E+001  5.4541113041790361E+001
 2.4700000000000003E+001  5.3466445067132035E+001
 2.4750000000000000E+001  5.2926947158463022E+001
 2.4800000000000001E+001  5.2519246462688272E+001
 2.4850000000000001E+001  5.2175910197136211E+001
 2.4900000000000002E+001  5.2137381203315023E+001
 2.4950000000000003E+001  5.2435357024685338E+001
 2.5000000000000000E+001  5.2499525474154453E+001
 2.5050000000000001E+001  5.2556577232428815E+001
 2.5100000000000001E+001  5.2395197759498757E+001
 2.5150000000000002E+001  5.2349190834016603E+001
 2.5200000000000003E+001  5.2333985728799533E+001
 2.5250000000000000E+001  5.2069941049661203E+001
 2.5300000000000001E+001  5.1243701014020260E+001
 2.5350000000000001E+001  5.0179056028785865E+001
 2.5400000000000002E+001  4.9502864552743915E+001
 2.5450000000000003E+001  4.9283940446821966E+001
 2.5500000000000000E+001  4.8979473992163292E+001
 2.5550000000000001E+001  4.8643316089266342E+001
 2.5600000000000001E+001  4.8773623856425353E+001
 2.5650000000000002E+001  4.8356656755298587E+001
 2.5700000000000003E+001  4.8685974972085731E+001
 2.5750000000000000E+001  4.8756927324808807E+001
 2.5800000000000001E+001  4.9079852878937849E+001
 2.5850000000000001E+001  4.9328208837082570E+001
 2.5900000000000002E+001  4.8779156119239467E+001
 2.5950000000000003E+001  4.8485791914354280E+001
 2.6000000000000000E+001  4.8474782382279486E+001
 2.6050000000000001E+001  4.8473458420747839E+001
 2.6100000000000001E+001  4.8017133938465044E+001
 2.6150000000000002E+001  4.7582130768777951E+001
 2.6200000000000003E+001  4.7115020367282924E+001
 2.6250000000000000E+001  4.6613193352906265E+001
 2.6300000000000001E+001  4.6484780438201476E+001
 2.6350000000000001E+001  4.6160665707407020E+001
 2.6400000000000002E+001  4.5996785983219667E+001
 2.6450000000000003E+001  4.5883050402065351E+001
 2.6500000000000000E+001  4.5925726234340623E+001
 2.6550000000000001E+001  4.5873862955226542E+001
 2.6600000000000001E+001  4.5449399776811553E+001
 2.6650000000000002E+001  4.5255207054916674E+001
 2.6700000000000003E+001  4.5515873216451382E+001
 2.6750000000000000E+001  4.5971674273710690E+001
 2.6800000000000001E+001  4.6393067627372510E+001
 2.6850000000000001E+001  4.6439084270695723E+001
 2.6900000000000002E+001  4.6514500326447276E+001
 2.6950000000000003E+001  4.6330437004293515E+001
 2.7000000000000000E+001  4.6129806251517614E+001
 2.7050000000000001E+001  4.6336780713963016E+001
 2.7100000000000001E+001  4.6085790618302980E+001
 2.7150000000000002E+001  4.5746300144116077E+001
 2.7200000000000003E+001  4.5538945468010290E+001
 2.7250000000000000E+001  4.5509616953882727E+001
 2.7300000000000001E+001  4.5379474587709829E+001
 2.7350000000000001E+001  4.4773494299312659E+001
 2.7400000000000002E+001  4.4102832187900361E+001
 2.7450000000000003E+001  4.3427874276297523E+001
 2.7500000000000000E+001  4.3384013199238304E+001
 2.7550000000000001E+001  4.3450098547844547E+001
 2.7600000000000001E+001  4.3395615179275211E+001
 2.7650000000000002E+001  4.3113865157530313E+001
 2.7700000000000003E+001  4.2467948785346820E+001
 2.7750000000000000E+001  4.2084855073425921E+001
 2.7800000000000001E+001  4.1750674407627784E+001
 2.7850000000000001E+001  4.1434191889790874E+001
 2.7900000000000002E+001  4.1173307906121281E+001
 2.7950000000000003E+001  4.1613132050737320E+001
 2.8000000000000000E+001  4.1188423967501528E+001
 2.8050000000000001E+001  4.0910345311733408E+001
 2.8100000000000001E+001  4.0741647530015193E+001
 2.8150000000000002E+001  4.0837179655537781E+001
 2.8200000000000003E+001  4.0574767045154410E+001
 2.8250000000000000E+001  4.0838369361447640E+001
 2.8300000000000001E+001  4.0934691427882441E+001
 2.8350000000000001E+001  4.0989798527897051E+001
 2.8400000000000002E+001  4.0804764053199378E+001
 2.8450000000000003E+001  4.0686072784246022E+001
 2.8500000000000000E+001  4.0590943455654148E+001
 2.8550000000000001E+001  4.0055152644905696E+001
 2.8600000000000001E+001  3.9886503816521497E+001
 2.8650000000000002E+001  4.0066435559414671E+001
 2.8700000000000003E+001  3.9960451520554692E+001
 2.8750000000000000E+001  3.9921212557126822E+001
 2.8800000000000001E+001  3.9685455730957720E+001
 2.8850000000000001E+001  3.9300251967688773E+001
 2.8900000000000002E+001  3.9185618903073269E+001
 2.8950000000000003E+001  3.9663242435489700E+001
 2.9000000000000000E+001  3.9844775687795078E+001
 2.9050000000000001E+001  3.9798637220115396E+001
 2.9100000000000001E+001  3.9779212137805885E+001
 2.9150000000000002E+001  4.0177198895025676E+001
 2.9200000000000003E+001  4.0449986815251734E+001
 2.9250000000000000E+001  4.0455722740022786E+001
 2.9300000000000001E+001  4.0468960753332986E+001
 2.9350000000000001E+001  4.0026553446339470E+001
 2.9400000000000002E+001  3.9649725326209555E+001
 2.9450000000000003E+001  3.9874874400075022E+001
 2.9500000000000000E+001  3.9975983757681313E+001
 2.9550000000000001E+001  3.9208126411416380E+001
 2.9600000000000001E+001  3.8902119028407377E+001
 2.9650000000000002E+001  3.8739742010934947E+001
 2.9700000000000003E+001  3.8846170469109239E+001
 2.9750000000000000E+001  3.8786053425687037E+001
 2.9800000000000001E+001  3.8724460231731555E+001
 2.9850000000000001E+001  3.8594926757279055E+001
 2.9900000000000002E+001  3.8640233030493270E+001
 2.9950000000000003E+001  3.8192801205085210E+001
 3.0000000000000000E+001  3.8727889606810415E+001
 3.0050000000000001E+001  3.8919567948721671E+001
 3.0100000000000001E+001  3.8517419919159373E+001
 3.0150000000000002E+001  3.8685390566776128E+001
 3.0200000000000003E+001  3.8716962148101345E+001
 3.0250000000000000E+001  3.8324098121803722E+001
 3.0300000000000001E+001  3.8245709413204544E+001
 3.0350000000000001E+001  3.8697140498785707E+001
 3.0400000000000002E+001  3.8377986423957680E+001
 3.0450000000000003E+001  3.8084769644258721E+001
 3.0500000000000000E+001  3.8367359018074993E+001
 3.0550000000000001E+001  3.8496351465147221E+001
 3.0600000000000001E+001  3.8398338165437444E+001
 3.0650000000000002E+001  3.8593102106267700E+001
 3.0700000000000003E+001  3.8790527025513875E+001
 3.0750000000000000E+001  3.8807306665893925E+001
 3.0800000000000001E+001  3.8702089688608353E+001
 3.0850000000000001E+001  3.8906683560041714E+001
 3.0900000000000002E+001  3.9130539403648207E+001
 3.0950000000000003E+001  3.9140354486672862E+001
 3.1000000000000000E+001  3.9317574126485773E+001
 3.1050000000000001E+001  3.8733632529458347E+001
 3.1100000000000001E+001  3.8651496666896200E+001
 3.1150000000000002E+001  3.8972044446219357E+001
 3.1200000000000003E+001  3.9251384536628770E+001
 3.1250000000000000E+001  3.9533257353868649E+001
 3.1300000000000001E+001  3.9282443607071748E+001
 3.1350000000000001E+001  3.9200839313465728E+001
 3.1400000000000002E+001  3.9097452226580899E+001
 3.1450000000000003E+001  3.9268847779243600E+001
 3.1500000000000000E+001  3.8977989729395446E+001
 3.1550000000000001E+001  3.9419095113146867E+001
 3.1600000000000001E+001  3.9462383259883133E+001
 3.1650000000000002E+001  3.9804091280633592E+001
 3.1700000000000003E+001  3.9673080099964196E+001
 3.1750000000000000E+001  3.9616125988516075E+001
 3.1800000000000001E+001  4.0045272121327869E+001
 3.1850000000000001E+001  3.9730030501090845E+001
 3.1900000000000002E+001  3.9700562505299509E+001
 3.1950000000000003E+001  4.0249400546954618E+001
 3.2000000000000000E+001  3.9972556454241584E+001
 3.2050000000000004E+001  3.9864511176971909E+001
 3.2100000000000001E+001  4.0001963192993806E+001
 3.2149999999999999E+001  4.0266990890566014E+001
 3.2200000000000003E+001  4.0166309046463965E+001
 3.2250000000000000E+001  4.0025534712585078E+001
 3.2300000000000004E+001  3.9944139037711373E+001
 3.2350000000000001E+001  3.9854699526569284E+001
 3.2399999999999999E+001  4.0312603659731494E+001
 3.2450000000000003E+001  4.0611735625836708E+001
 3.2500000000000000E+001  4.0958589589164987E+001
 3.2550000000000004E+001  4.0806422595160313E+001
 3.2600000000000001E+001  4.0808440752441413E+001
 3.2649999999999999E+001  4.0594052460105267E+001
 3.2700000000000003E+001  4.0495311367587604E+001
 3.2750000000000000E+001  4.0670501232170643E+001
 3.2800000000000004E+001  4.0990126978134427E+001
 3.2850000000000001E+001  4.0668009283111822E+001
 3.2899999999999999E+001  4.0568210479905154E+001
 3.2950000000000003E+001  4.0347159923423177E+001
 3.3000000000000000E+001  4.0328974812720695E+001
 3.3050000000000004E+001  4.0633004224527618E+001
 3.3100000000000001E+001  4.0551705676184504E+001
 3.3149999999999999E+001  4.0213428705412674E+001
 3.3200000000000003E+001  4.0361471222513295E+001
 3.3250000000000000E+001  4.0376237294779180E+001
 3.3300000000000004E+001  4.0567356271622906E+001
 3.3350000000000001E+001  4.0705832856037240E+001
 3.3399999999999999E+001  3.9880574008315868E+001
 3.3450000000000003E+001  3.9450088390813235E+001
 3.3500000000000000E+001  3.9387016563085744E+001
 3.3550000000000004E+001  3.9526908743473655E+001
 3.3600000000000001E+001  3.9324001078300505E+001
 3.3649999999999999E+001  3.9061563112955824E+001
 3.3700000000000003E+001  3.9165373713401976E+001
 3.3750000000000000E+001  3.9207110283039420E+001
 3.3800000000000004E+001  3.9253421311252893E+001
 3.3850000000000001E+001  3.9305232136937406E+001
 3.3899999999999999E+001  3.9452318411926854E+001
 3.3950000000000003E+001  3.9654346419336214E+001
 3.4000000000000000E+001  3.9260947826997288E+001
 3.4050000000000004E+001  3.8924228005468613E+001
 3.4100000000000001E+001  3.8862420752514367E+001
 3.4149999999999999E+001  3.9065499394024933E+001
 3.4200000000000003E+001  3.9371148989145247E+001
 3.4250000000000000E+001  3.9593126815720986E+001
 3.4300000000000004E+001  3.9341336008068836E+001
 3.4350000000000001E+001  3.9299368300014052E+001
 3.4399999999999999E+001  3.9537982750732546E+001
 3.4450000000000003E+001  3.8901739171044710E+001
 3.4500000000000000E+001  3.8944421245691501E+001
 3.4550000000000004E+001  3.8749482534274662E+001
 3.4600000000000001E+001  3.8472965205453917E+001
 3.4649999999999999E+001  3.8688835651332603E+001
 3.4700000000000003E+001  3.8639343653599347E+001
 3.4750000000000000E+001  3.8480455369332716E+001
 3.4800000000000004E+001  3.8780500955629066E+001
 3.4850000000000001E+001  3.8582879616511974E+001
 3.4899999999999999E+001  3.8903849721012158E+001
 3.4950000000000003E+001  3.9066455277207204E+001
 3.5000000000000000E+001  3.8789365841974430E+001
 3.5050000000000004E+001  3.9064801017925724E+001
 3.5100000000000001E+001  3.9188367858005655E+001
 3.5149999999999999E+001  3.9264165617208150E+001
 3.5200000000000003E+001  3.9448589885758281E+001
 3.5250000000000000E+001  3.8869149456143774E+001
 3.5300000000000004E+001  3.8544746038106865E+001
 3.5350000000000001E+001  3.8393052510323244E+001
 3.5399999999999999E+001  3.8321013359039448E+001
 3.5450000000000003E+001  3.8158535174691735E+001
 3.5500000000000000E+001  3.7661213162100381E+001
 3.5550000000000004E+001  3.7303521359221705E+001
 3.5600000000000001E+001  3.7439929046914493E+001
 3.5649999999999999E+001  3.7611974069464210E+001
 3.5700000000000003E+001  3.6681535152546260E+001
 3.5750000000000000E+001  3.6794081103353257E+001
 3.5800000000000004E+001  3.6819871241241572E+001
 3.5850000000000001E+001  3.6358434672316491E+001
 3.5899999999999999E+001  3.6029664453869167E+001
 3.5950000000000003E+001  3.6123614476710280E+001
 3.6000000000000000E+001  3.5447362957886057E+001
 3.6050000000000004E+001  3.5725332271087460E+001
 3.6100000000000001E+001  3.6356503088967138E+001
 3.6149999999999999E+001  3.5628417736280525E+001
 3.6200000000000003E+001  3.5311277714096654E+001
 3.6250000000000000E+001  3.5076836931198187E+001
 3.6300000000000004E+001  3.5250331654402466E+001
 3.6350000000000001E+001  3.5623836584644145E+001
 3.6399999999999999E+001  3.6076807220645406E+001
 3.6450000000000003E+001  3.5923755009682139E+001
 3.6500000000000000E+001  3.6080178093064404E+001
 3.6550000000000004E+001  3.5745525464422009E+001
 3.6600000000000001E+001  3.5976492631078926E+001
 3.6649999999999999E+001  3.5780194721063872E+001
 3.6700000000000003E+001  3.5273955540059426E+001
 3.6750000000000000E+001  3.5127121740735198E+001
 3.6800000000000004E+001  3.5520432478736538E+001
 3.6850000000000001E+001  3.5616856232382197E+001
 3.6899999999999999E+001  3.5801870823923103E+001
 3.6950000000000003E+001  3.5744062779069310E+001
 3.7000000000000000E+001  3.5283774858275933E+001
 3.7050000000000004E+001  3.5510591619893269E+001
 3.7100000000000001E+001  3.6018652125000408E+001
 3.7149999999999999E+001  3.5533443440602845E+001
 3.7200000000000003E+001  3.5017927273163572E+001
 3.7250000000000000E+001  3.5227303201554733E+001
 3.7300000000000004E+001  3.5081294364837774E+001
 3.7350000000000001E+001  3.5429099870631987E+001
 3.7399999999999999E+001  3.4850939395326762E+001
 3.7450000000000003E+001  3.4199797917013527E+001
 3.7500000000000000E+001  3.4082829590276660E+001
 3.7550000000000004E+001  3.5158008910240483E+001
 3.7600000000000001E+001  3.4157399403990489E+001
 3.7649999999999999E+001  3.3779769286015082E+001
 3.7700000000000003E+001  3.4056055095982202E+001
 3.7750000000000000E+001  3.3983774713835750E+001
 3.7800000000000004E+001  3.3661719889905811E+001
 3.7850000000000001E+001  3.4142534626705050E+001
 3.7899999999999999E+001  3.4009740457046256E+001
 3.7950000000000003E+001  3.4043829896145709E+001
 3.8000000000000000E+001  3.4367253044128923E+001
 3.8050000000000004E+001  3.4252521916099809E+001
 3.8100000000000001E+001  3.4460252835966969E+001
 3.8149999999999999E+001  3.3633881249095722E+001
 3.8200000000000003E+001  3.3560823100873712E+001
 3.8250000000000000E+001  3.3954251273093078E+001
 3.8300000000000004E+001  3.3710249368588372E+001
 3.8350000000000001E+001  3.4072663415395184E+001
 3.8400000000000006E+001  3.4086368542357008E+001
 3.8450000000000003E+001  3.4139250315643494E+001
 3.8500000000000000E+001  3.4083693280064736E+001
 3.8550000000000004E+001  3.3164036178843034E+001
 3.8600000000000001E+001  3.3743483484093467E+001
 3.8650000000000006E+001  3.3348652480262515E+001
 3.8700000000000003E+001  3.2606135489521790E+001
 3.8750000000000000E+001  3.2666027701000324E+001
 3.8800000000000004E+001  3.2500995139679794E+001
 3.8850000000000001E+001  3.2181298078977306E+001
 3.8900000000000006E+001  3.2431264269924668E+001
 3.8950000000000003E+001  3.2740776270362893E+001
 3.9000000000000000E+001  3.2463554657576729E+001
 3.9050000000000004E+001  3.2276477736735202E+001
 3.9100000000000001E+001  3.2894319735103821E+001
 3.9150000000000006E+001  3.3017437263025720E+001
 3.9200000000000003E+001  3.2985973812666330E+001
 3.9250000000000000E+001  3.2511032909763294E+001
 3.9300000000000004E+001  3.2356756647361394E+001
 3.9350000000000001E+001  3.3346424038963050E+001
 3.9400000000000006E+001  3.2650664159961764E+001
 3.9450000000000003E+001  3.1797146663846139E+001
 3.9500000000000000E+001  3.1515394669364699E+001
 3.9550000000000004E+001  3.2191609541860551E+001
 3.9600000000000001E+001  3.3061796459691976E+001
 3.9650000000000006E+001  3.1971625305373870E+001
 3.9700000000000003E+001  3.1404595737544053E+001
 3.9750000000000000E+001  3.1663003477561265E+001
 3.9800000000000004E+001  3.2202995666823476E+001
 3.9850000000000001E+001  3.1446487404521559E+001
 3.9900000000000006E+001  3.1711928350950135E+001
 3.9950000000000003E+001  3.3077647067539381E+001
 4.0000000000000000E+001  3.2609752919420359E+001
 4.0050000000000004E+001  3.1963327297483186E+001
 4.0100000000000001E+001  3.2608406016121570E+001
 4.0150000000000006E+001  3.1390129160756381E+001
 4.0200000000000003E+001  3.1208291916946152E+001
 4.0250000000000000E+001  3.2501730247684165E+001
 4.0300000000000004E+001  3.1948729768097440E+001
 4.0350000000000001E+001  3.0887488865491161E+001
 4.0400000000000006E+001  3.0772113335066631E+001
 4.0450000000000003E+001  3.1417065226033095E+001
 4.0500000000000000E+001  3.2654843635827419E+001
 4.0550000000000004E+001  3.2590783077102309E+001
 4.0600000000000001E+001  3.0094011784272837E+001
 4.0650000000000006E+001  3.2044652480600675E+001
 4.0700000000000003E+001  3.1901933980962326E+001
 4.0750000000000000E+001  3.1731005614125674E+001
 4.0800000000000004E+001  3.1039020983217402E+001
 4.0850000000000001E+001  3.2749641437360864E+001
 4.0900000000000006E+001  3.1644780404037050E+001
 4.0950000000000003E+001  3.0628437132262963E+001
 4.1000000000000000E+001  3.0940698096566134E+001
 4.1050000000000004E+001  3.0758349996977358E+001
 4.1100000000000001E+001  2.5937051713048223E+001
 4.1150000000000006E+001  2.2960143258730366E+001
 4.1200000000000003E+001  2.7522390861240439E+001
 4.1250000000000000E+001  3.8404712390961116E+001
