 2.4000000000000004E+000  1.0414202468129146E+001
 2.4500000000000002E+000  1.0264287033868747E+001
 2.5000000000000000E+000  1.0659512568910609E+001
 2.5500000000000003E+000  1.2877971171644147E+001
 2.6000000000000001E+000  1.3286401773767025E+001
 2.6500000000000004E+000  1.4406097290529946E+001
 2.7000000000000002E+000  1.6131494541258469E+001
 2.7500000000000000E+000  2.0306209711882357E+001
 2.8000000000000003E+000  3.2155208254296774E+001
 2.8500000000000001E+000  7.1767560534254173E+001
 2.9000000000000004E+000  1.6790448362056478E+002
 2.9500000000000002E+000  3.1752400079719069E+002
 3.0000000000000000E+000  4.5391263980460195E+002
 3.0500000000000003E+000  5.7286211781512225E+002
 3.1000000000000001E+000  6.8071952098293639E+002
 3.1500000000000004E+000  7.1469986398938318E+002
 3.2000000000000002E+000  6.1269574958743931E+002
 3.2500000000000000E+000  4.6454678249867754E+002
 3.3000000000000003E+000  3.7237557167502268E+002
 3.3500000000000001E+000  3.5139744373859264E+002
 3.4000000000000004E+000  3.4372342094810801E+002
 3.4500000000000002E+000  3.0660971984521905E+002
 3.5000000000000000E+000  2.7076442950222457E+002
 3.5500000000000003E+000  2.4075748499540293E+002
 3.6000000000000001E+000  2.1151527693803891E+002
 3.6500000000000004E+000  1.8357155603285952E+002
 3.7000000000000002E+000  1.6438048621863558E+002
 3.7500000000000000E+000  1.4834459541870700E+002
 3.8000000000000003E+000  1.3473170908380922E+002
 3.8500000000000001E+000  1.2009165186765438E+002
 3.9000000000000004E+000  1.1545355893603465E+002
 3.9500000000000002E+000  1.1320341044754109E+002
 4.0000000000000000E+000  1.1156228148807408E+002
 4.0499999999999998E+000  1.1007544875078034E+002
 4.1000000000000005E+000  1.0882297201778727E+002
 4.1500000000000004E+000  1.0672738517148228E+002
 4.2000000000000002E+000  1.0400156733474950E+002
 4.2500000000000000E+000  1.0231989894866159E+002
 4.2999999999999998E+000  1.0020576931462045E+002
 4.3500000000000005E+000  9.8904474765836795E+001
 4.4000000000000004E+000  9.6310791982493555E+001
 4.4500000000000002E+000  9.3715469126748687E+001
 4.5000000000000000E+000  9.0194180868980354E+001
 4.5499999999999998E+000  8.6572966512569806E+001
 4.6000000000000005E+000  8.3968088111038469E+001
 4.6500000000000004E+000  8.1973670900798993E+001
 4.7000000000000002E+000  8.1799251820795348E+001
 4.7500000000000000E+000  8.1566914511281880E+001
 4.8000000000000007E+000  8.0972440836994039E+001
 4.8500000000000005E+000  8.0739892937219054E+001
 4.9000000000000004E+000  7.8738409424426095E+001
 4.9500000000000002E+000  7.5254929819282154E+001
 5.0000000000000000E+000  7.1437826553642509E+001
 5.0500000000000007E+000  6.9111642926680318E+001
 5.1000000000000005E+000  6.6822416281427564E+001
 5.1500000000000004E+000  6.5860654822605710E+001
 5.2000000000000002E+000  6.9425564049535012E+001
 5.2500000000000000E+000  7.5134515892590144E+001
 5.3000000000000007E+000  8.1997351965477264E+001
 5.3500000000000005E+000  8.7438327328445538E+001
 5.4000000000000004E+000  9.1309374438205424E+001
 5.4500000000000002E+000  8.8869219006455879E+001
 5.5000000000000000E+000  8.3705088938690508E+001
 5.5500000000000007E+000  7.6783592160889313E+001
 5.6000000000000005E+000  6.9874124746560469E+001
 5.6500000000000004E+000  6.5308330082736688E+001
 5.7000000000000002E+000  6.1530358305065057E+001
 5.7500000000000000E+000  5.9701939486921766E+001
 5.8000000000000007E+000  5.8828909666532823E+001
 5.8500000000000005E+000  5.7827561901902236E+001
 5.9000000000000004E+000  5.7563519537569007E+001
 5.9500000000000002E+000  6.0194875785724570E+001
 6.0000000000000000E+000  6.6714482307950064E+001
 6.0500000000000007E+000  7.6147366959583479E+001
 6.1000000000000005E+000  8.6319478042684196E+001
 6.1500000000000004E+000  9.4047645969737502E+001
 6.2000000000000002E+000  9.7541575093094565E+001
 6.2500000000000000E+000  9.6475655155254501E+001
 6.3000000000000007E+000  8.9550306901032485E+001
 6.3500000000000005E+000  7.9925079033303163E+001
 6.4000000000000004E+000  7.0710541437154745E+001
 6.4500000000000002E+000  6.4045724293359200E+001
 6.5000000000000000E+000  6.0760717786973686E+001
 6.5500000000000007E+000  5.9951070844193417E+001
 6.6000000000000005E+000  6.1595339460053822E+001
 6.6500000000000004E+000  6.5032998597082084E+001
 6.7000000000000002E+000  7.1141383904960520E+001
 6.7500000000000000E+000  7.9354514715250673E+001
 6.8000000000000007E+000  8.8890642628590143E+001
 6.8500000000000005E+000  9.6062088491318590E+001
 6.9000000000000004E+000  9.4853453394945817E+001
 6.9500000000000002E+000  9.3218227173878816E+001
 7.0000000000000000E+000  9.4413881945010374E+001
 7.0500000000000007E+000  9.9275068007952981E+001
 7.1000000000000005E+000  1.0463906759508345E+002
 7.1500000000000004E+000  1.0792236528719155E+002
 7.2000000000000002E+000  1.0259789796520269E+002
 7.2500000000000000E+000  9.2904516117931166E+001
 7.3000000000000007E+000  8.3486008636233905E+001
 7.3500000000000005E+000  7.7158932134860478E+001
 7.4000000000000004E+000  7.3483923942675716E+001
 7.4500000000000002E+000  7.2186105846602700E+001
 7.5000000000000000E+000  7.2434326617937856E+001
 7.5500000000000007E+000  7.5457038516488680E+001
 7.6000000000000005E+000  8.0755795240826899E+001
 7.6500000000000004E+000  9.0741705644737763E+001
 7.7000000000000002E+000  1.0731180229002929E+002
 7.7500000000000000E+000  1.2975669986551969E+002
 7.8000000000000007E+000  1.4920564787394997E+002
 7.8500000000000005E+000  1.5719070629428472E+002
 7.9000000000000004E+000  1.4823680167307151E+002
 7.9500000000000002E+000  1.3385579671561050E+002
 8.0000000000000000E+000  1.2199499655065986E+002
 8.0500000000000007E+000  1.1642593663106688E+002
 8.0999999999999996E+000  1.1656912427441875E+002
 8.1500000000000004E+000  1.1981471758057027E+002
 8.2000000000000011E+000  1.2115839479055627E+002
 8.2500000000000000E+000  1.1843992220592402E+002
 8.3000000000000007E+000  1.1143409550183543E+002
 8.3499999999999996E+000  1.0389323172466155E+002
 8.4000000000000004E+000  9.6593950953194053E+001
 8.4500000000000011E+000  9.2836767476525580E+001
 8.5000000000000000E+000  9.4357657713737424E+001
 8.5500000000000007E+000  1.0101722054202200E+002
 8.5999999999999996E+000  1.1158872806045775E+002
 8.6500000000000004E+000  1.2202345655850678E+002
 8.7000000000000011E+000  1.2630547591345226E+002
 8.7500000000000000E+000  1.1944086296491749E+002
 8.8000000000000007E+000  1.0573270412050050E+002
 8.8499999999999996E+000  9.2501051404676844E+001
 8.9000000000000004E+000  8.1838351283418874E+001
 8.9500000000000011E+000  7.5666782128000989E+001
 9.0000000000000000E+000  7.1421469352306488E+001
 9.0500000000000007E+000  6.9193263287905395E+001
 9.0999999999999996E+000  6.8030703637936980E+001
 9.1500000000000004E+000  6.8472542094848009E+001
 9.2000000000000011E+000  6.9854185490219081E+001
 9.2500000000000000E+000  7.2084469999102225E+001
 9.3000000000000007E+000  7.5550562844478321E+001
 9.3499999999999996E+000  7.8441881810682844E+001
 9.4000000000000004E+000  8.1479200783335216E+001
 9.4500000000000011E+000  8.6468478210328001E+001
 9.5000000000000000E+000  9.2004203595465555E+001
 9.5500000000000007E+000  9.7382780782776919E+001
 9.6000000000000014E+000  1.0068668147558662E+002
 9.6500000000000004E+000  1.0415572056570636E+002
 9.7000000000000011E+000  1.0677690430465039E+002
 9.7500000000000000E+000  1.0592427697392576E+002
 9.8000000000000007E+000  9.9345017200173118E+001
 9.8500000000000014E+000  8.9480655946334991E+001
 9.9000000000000004E+000  7.9300532734353965E+001
 9.9500000000000011E+000  7.1732573173945426E+001
 1.0000000000000000E+001  6.7583501106395531E+001
 1.0050000000000001E+001  6.6007098215334366E+001
 1.0100000000000001E+001  6.6542925650306600E+001
 1.0150000000000000E+001  6.8552034407025900E+001
 1.0200000000000001E+001  7.0385355651943897E+001
 1.0250000000000000E+001  7.0975586056173697E+001
 1.0300000000000001E+001  6.9511793858342472E+001
 1.0350000000000001E+001  6.6523538661086874E+001
 1.0400000000000000E+001  6.3114008791128306E+001
 1.0450000000000001E+001  6.0654516344271315E+001
 1.0500000000000000E+001  5.9640571138674709E+001
 1.0550000000000001E+001  6.0485055067729959E+001
 1.0600000000000001E+001  6.3399660449078596E+001
 1.0650000000000000E+001  6.7567521439898741E+001
 1.0700000000000001E+001  7.2309876695419135E+001
 1.0750000000000000E+001  7.6484481932506910E+001
 1.0800000000000001E+001  7.9866225663589105E+001
 1.0850000000000001E+001  8.2389294351334726E+001
 1.0900000000000000E+001  8.3856837278765695E+001
 1.0950000000000001E+001  8.4113100126318358E+001
 1.1000000000000000E+001  8.3481136759949635E+001
 1.1050000000000001E+001  8.3110673931237400E+001
 1.1100000000000001E+001  8.5493143116087523E+001
 1.1150000000000000E+001  8.8395912971779609E+001
 1.1200000000000001E+001  9.1001561099789186E+001
 1.1250000000000000E+001  9.1492438785035588E+001
 1.1300000000000001E+001  8.8569718756397265E+001
 1.1350000000000001E+001  8.3727951440672570E+001
 1.1400000000000000E+001  7.8755918382254663E+001
 1.1450000000000001E+001  7.7165905969826824E+001
 1.1500000000000000E+001  7.7879355919371676E+001
 1.1550000000000001E+001  7.9790423846892963E+001
 1.1600000000000001E+001  8.1836050863355879E+001
 1.1650000000000000E+001  8.2117367931457053E+001
 1.1700000000000001E+001  8.2961392409071394E+001
 1.1750000000000000E+001  8.3817790327333043E+001
 1.1800000000000001E+001  8.4005209391281426E+001
 1.1850000000000001E+001  8.2809588488419166E+001
 1.1900000000000000E+001  8.2675428671672037E+001
 1.1950000000000001E+001  8.3396385672805678E+001
 1.2000000000000000E+001  8.6558081521538355E+001
 1.2050000000000001E+001  9.0149704303914405E+001
 1.2100000000000001E+001  9.3578141428374792E+001
 1.2150000000000000E+001  9.6958450805540068E+001
 1.2200000000000001E+001  9.7928404962372696E+001
 1.2250000000000000E+001  9.5213842144390767E+001
 1.2300000000000001E+001  9.0667688784852004E+001
 1.2350000000000001E+001  8.6240296218895764E+001
 1.2400000000000000E+001  8.3041612233528568E+001
 1.2450000000000001E+001  8.0793330424920086E+001
 1.2500000000000000E+001  7.9773922090470847E+001
 1.2550000000000001E+001  7.7823949998530793E+001
 1.2600000000000001E+001  7.6788662548571210E+001
 1.2650000000000000E+001  7.6742379450849612E+001
 1.2700000000000001E+001  7.6793457512143576E+001
 1.2750000000000000E+001  7.6327138485668812E+001
 1.2800000000000001E+001  7.4596517593780959E+001
 1.2850000000000001E+001  7.2592784674521283E+001
 1.2900000000000000E+001  7.0356068989794053E+001
 1.2950000000000001E+001  6.7939985284957999E+001
 1.3000000000000000E+001  6.6067061768832943E+001
 1.3050000000000001E+001  6.4378831809128812E+001
 1.3100000000000001E+001  6.4502140606631386E+001
 1.3150000000000000E+001  6.5466118023907910E+001
 1.3200000000000001E+001  6.7218560290387231E+001
 1.3250000000000000E+001  7.1074440772035345E+001
 1.3300000000000001E+001  7.6526192059872884E+001
 1.3350000000000001E+001  8.2130212591473878E+001
 1.3400000000000000E+001  8.7158975256390093E+001
 1.3450000000000001E+001  9.1169767037008256E+001
 1.3500000000000000E+001  9.3964593070019959E+001
 1.3550000000000001E+001  9.4876010596226166E+001
 1.3600000000000001E+001  9.2639612587564727E+001
 1.3650000000000000E+001  8.7982592685822127E+001
 1.3700000000000001E+001  8.2680833923248727E+001
 1.3750000000000000E+001  7.7908485548847196E+001
 1.3800000000000001E+001  7.4451825673176742E+001
 1.3850000000000001E+001  7.3136069024216965E+001
 1.3900000000000000E+001  7.2700554230149123E+001
 1.3950000000000001E+001  7.2090110961486232E+001
 1.4000000000000000E+001  7.2256682475310384E+001
 1.4050000000000001E+001  7.2326567689921220E+001
 1.4100000000000001E+001  7.1690258475618307E+001
 1.4150000000000000E+001  7.0332978966613283E+001
 1.4200000000000001E+001  6.8731041330814264E+001
 1.4250000000000000E+001  6.7258685596663170E+001
 1.4300000000000001E+001  6.5877174634962429E+001
 1.4350000000000001E+001  6.4712595160400866E+001
 1.4400000000000000E+001  6.3428355219709381E+001
 1.4450000000000001E+001  6.1971467692664810E+001
 1.4500000000000000E+001  6.0523963708756817E+001
 1.4550000000000001E+001  5.8969020623371463E+001
 1.4600000000000001E+001  5.7934620894810422E+001
 1.4650000000000000E+001  5.7268127289790193E+001
 1.4700000000000001E+001  5.7361368343913433E+001
 1.4750000000000000E+001  5.7852851182741908E+001
 1.4800000000000001E+001  5.9017020258752062E+001
 1.4850000000000001E+001  5.9879744217530295E+001
 1.4900000000000000E+001  6.0672958019557029E+001
 1.4950000000000001E+001  6.0775148852031371E+001
 1.5000000000000000E+001  5.9871939174152345E+001
 1.5050000000000001E+001  5.9098298140874974E+001
 1.5100000000000001E+001  5.8249707240613780E+001
 1.5150000000000000E+001  5.7388548185134624E+001
 1.5200000000000001E+001  5.6745810025644339E+001
 1.5250000000000000E+001  5.7069275683042960E+001
 1.5300000000000001E+001  5.8020541344617939E+001
 1.5350000000000001E+001  5.9111435531727139E+001
 1.5400000000000000E+001  6.0957700225308464E+001
 1.5450000000000001E+001  6.2725378584054077E+001
 1.5500000000000000E+001  6.3544603382414245E+001
 1.5550000000000001E+001  6.4165636129973166E+001
 1.5600000000000001E+001  6.4955532496924079E+001
 1.5650000000000000E+001  6.6229399747737190E+001
 1.5700000000000001E+001  6.6403337621162663E+001
 1.5750000000000000E+001  6.5968714850018017E+001
 1.5800000000000001E+001  6.5036907246702128E+001
 1.5850000000000001E+001  6.3281948343702091E+001
 1.5900000000000000E+001  6.2533367384024402E+001
 1.5950000000000001E+001  6.1937046629329764E+001
 1.6000000000000000E+001  6.2230253577237427E+001
 1.6050000000000001E+001  6.2764265508403618E+001
 1.6100000000000001E+001  6.3210469255316426E+001
 1.6150000000000002E+001  6.4748303951727337E+001
 1.6199999999999999E+001  6.7129335428448940E+001
 1.6250000000000000E+001  6.9938749628912291E+001
 1.6300000000000001E+001  7.2572023171948658E+001
 1.6350000000000001E+001  7.2593263436524211E+001
 1.6400000000000002E+001  7.1904235603962448E+001
 1.6449999999999999E+001  7.0582695267811232E+001
 1.6500000000000000E+001  6.8500982143164279E+001
 1.6550000000000001E+001  6.6035246370701344E+001
 1.6600000000000001E+001  6.3690204437726813E+001
 1.6650000000000002E+001  6.1683133761924509E+001
 1.6699999999999999E+001  6.0556568846301069E+001
 1.6750000000000000E+001  6.0000014937597584E+001
 1.6800000000000001E+001  5.9991790598565885E+001
 1.6850000000000001E+001  6.0281021990840578E+001
 1.6900000000000002E+001  5.9565872461236822E+001
 1.6949999999999999E+001  5.9262245183912519E+001
 1.7000000000000000E+001  5.9948230245790981E+001
 1.7050000000000001E+001  6.0636004490487039E+001
 1.7100000000000001E+001  6.1823204798140800E+001
 1.7150000000000002E+001  6.3207746201956823E+001
 1.7199999999999999E+001  6.4975062489962312E+001
 1.7250000000000000E+001  6.5803327668925334E+001
 1.7300000000000001E+001  6.6027275322788228E+001
 1.7350000000000001E+001  6.6428340229886743E+001
 1.7400000000000002E+001  6.6922490635368106E+001
 1.7449999999999999E+001  6.7125340478505890E+001
 1.7500000000000000E+001  6.8207602254157834E+001
 1.7550000000000001E+001  6.8644490708374747E+001
 1.7600000000000001E+001  6.8491536362418231E+001
 1.7650000000000002E+001  6.7576876592080353E+001
 1.7699999999999999E+001  6.5910364144385952E+001
 1.7750000000000000E+001  6.4743183346191159E+001
 1.7800000000000001E+001  6.3806741686981240E+001
 1.7850000000000001E+001  6.2774581137497549E+001
 1.7900000000000002E+001  6.2256865928879598E+001
 1.7949999999999999E+001  6.2305797753903363E+001
 1.8000000000000000E+001  6.2695843289422804E+001
 1.8050000000000001E+001  6.3402619940035244E+001
 1.8100000000000001E+001  6.4106498793232475E+001
 1.8150000000000002E+001  6.4683734953814294E+001
 1.8199999999999999E+001  6.5487750560503230E+001
 1.8250000000000000E+001  6.6136651332764089E+001
 1.8300000000000001E+001  6.6748022792053860E+001
 1.8350000000000001E+001  6.7056181090897979E+001
 1.8400000000000002E+001  6.6455384172409367E+001
 1.8449999999999999E+001  6.5235073917487583E+001
 1.8500000000000000E+001  6.4711463435803353E+001
 1.8550000000000001E+001  6.3932816624322896E+001
 1.8600000000000001E+001  6.4074272074993843E+001
 1.8650000000000002E+001  6.4887261747694708E+001
 1.8699999999999999E+001  6.6979407179235551E+001
 1.8750000000000000E+001  6.9068752882401213E+001
 1.8800000000000001E+001  7.1186151701773653E+001
 1.8850000000000001E+001  7.4114783413352896E+001
 1.8900000000000002E+001  7.5714877275906971E+001
 1.8949999999999999E+001  7.6711690968735581E+001
 1.9000000000000000E+001  7.6956776735299911E+001
 1.9050000000000001E+001  7.6883547729746255E+001
 1.9100000000000001E+001  7.6343140729681579E+001
 1.9150000000000002E+001  7.5550983813987855E+001
 1.9200000000000003E+001  7.4857981879998476E+001
 1.9250000000000000E+001  7.4299551551858158E+001
 1.9300000000000001E+001  7.3504146259649573E+001
 1.9350000000000001E+001  7.2786129189574410E+001
 1.9400000000000002E+001  7.2538034085326487E+001
 1.9450000000000003E+001  7.2060070373036510E+001
 1.9500000000000000E+001  7.1909654604849180E+001
 1.9550000000000001E+001  7.1631770192630867E+001
 1.9600000000000001E+001  7.0768964262581804E+001
 1.9650000000000002E+001  6.9105301703925306E+001
 1.9700000000000003E+001  6.6636164213516523E+001
 1.9750000000000000E+001  6.4666748863982761E+001
 1.9800000000000001E+001  6.3424136430296222E+001
 1.9850000000000001E+001  6.2476745785011921E+001
 1.9900000000000002E+001  6.2139712832462713E+001
 1.9950000000000003E+001  6.2572446251461280E+001
 2.0000000000000000E+001  6.3971434732411403E+001
 2.0050000000000001E+001  6.5142484225472444E+001
 2.0100000000000001E+001  6.5949494714679886E+001
 2.0150000000000002E+001  6.6099675187133130E+001
 2.0200000000000003E+001  6.5999445165483948E+001
 2.0250000000000000E+001  6.6199764330711943E+001
 2.0300000000000001E+001  6.6050449219025637E+001
 2.0350000000000001E+001  6.5844718764691663E+001
 2.0400000000000002E+001  6.5391621294952714E+001
 2.0450000000000003E+001  6.4850880305120000E+001
 2.0500000000000000E+001  6.4597006472081631E+001
 2.0550000000000001E+001  6.4443105136196337E+001
 2.0600000000000001E+001  6.4011562651684002E+001
 2.0650000000000002E+001  6.3164775900475895E+001
 2.0700000000000003E+001  6.2602276548369261E+001
 2.0750000000000000E+001  6.2665231348015929E+001
 2.0800000000000001E+001  6.2767362875507736E+001
 2.0850000000000001E+001  6.3369101343543740E+001
 2.0900000000000002E+001  6.4087693035464085E+001
 2.0950000000000003E+001  6.3778861753261069E+001
 2.1000000000000000E+001  6.4195598842360312E+001
 2.1050000000000001E+001  6.5416076385552813E+001
 2.1100000000000001E+001  6.7208513902319552E+001
 2.1150000000000002E+001  6.8737378804237864E+001
 2.1200000000000003E+001  7.0616965942422596E+001
 2.1250000000000000E+001  7.3507930808533601E+001
 2.1300000000000001E+001  7.5909457543940121E+001
 2.1350000000000001E+001  7.7527078910358455E+001
 2.1400000000000002E+001  7.8452039682204131E+001
 2.1450000000000003E+001  7.7929834944571539E+001
 2.1500000000000000E+001  7.7680888301724266E+001
 2.1550000000000001E+001  7.7031465827123242E+001
 2.1600000000000001E+001  7.5920360454475187E+001
 2.1650000000000002E+001  7.4822029662671099E+001
 2.1700000000000003E+001  7.4384286449733565E+001
 2.1750000000000000E+001  7.3883877603314531E+001
 2.1800000000000001E+001  7.3651240296561994E+001
 2.1850000000000001E+001  7.3185117859512260E+001
 2.1900000000000002E+001  7.2601891651173204E+001
 2.1950000000000003E+001  7.1879161711899002E+001
 2.2000000000000000E+001  7.1829124870551723E+001
 2.2050000000000001E+001  7.2260008325881984E+001
 2.2100000000000001E+001  7.1962824997042759E+001
 2.2150000000000002E+001  7.2248658781862375E+001
 2.2200000000000003E+001  7.2090977672386913E+001
 2.2250000000000000E+001  7.1096370446480606E+001
 2.2300000000000001E+001  6.9569806804995693E+001
 2.2350000000000001E+001  6.8103430474934299E+001
 2.2400000000000002E+001  6.6757057612343729E+001
 2.2450000000000003E+001  6.5432712402061028E+001
 2.2500000000000000E+001  6.4344593553020118E+001
 2.2550000000000001E+001  6.4167880072645445E+001
 2.2600000000000001E+001  6.3853385335471252E+001
 2.2650000000000002E+001  6.3043898456310437E+001
 2.2700000000000003E+001  6.2735545006356759E+001
 2.2750000000000000E+001  6.2413800389792357E+001
 2.2800000000000001E+001  6.2269611760538496E+001
 2.2850000000000001E+001  6.1863714296742337E+001
 2.2900000000000002E+001  6.1435549773846617E+001
 2.2950000000000003E+001  6.1412128115625038E+001
 2.3000000000000000E+001  6.2128644195525673E+001
 2.3050000000000001E+001  6.3360372729492987E+001
 2.3100000000000001E+001  6.3476525635950736E+001
 2.3150000000000002E+001  6.3407017206148673E+001
 2.3200000000000003E+001  6.3670839100865400E+001
 2.3250000000000000E+001  6.4192057367042807E+001
 2.3300000000000001E+001  6.4025064045973409E+001
 2.3350000000000001E+001  6.2931084450231417E+001
 2.3400000000000002E+001  6.2622033591224707E+001
 2.3450000000000003E+001  6.1563951451816756E+001
 2.3500000000000000E+001  6.0553527932843807E+001
 2.3550000000000001E+001  5.9282722995173955E+001
 2.3600000000000001E+001  5.8754519341443952E+001
 2.3650000000000002E+001  5.8365281900054455E+001
 2.3700000000000003E+001  5.7749583643844097E+001
 2.3750000000000000E+001  5.7380233046191123E+001
 2.3800000000000001E+001  5.6686277734990135E+001
 2.3850000000000001E+001  5.6071019204642234E+001
 2.3900000000000002E+001  5.5667682989431910E+001
 2.3950000000000003E+001  5.6015728402446932E+001
 2.4000000000000000E+001  5.6322808299654660E+001
 2.4050000000000001E+001  5.6401693901748864E+001
 2.4100000000000001E+001  5.6244768693540927E+001
 2.4150000000000002E+001  5.6185554386013976E+001
 2.4200000000000003E+001  5.6415361332127219E+001
 2.4250000000000000E+001  5.6457220442694314E+001
 2.4300000000000001E+001  5.6314909658755745E+001
 2.4350000000000001E+001  5.6493320646203422E+001
 2.4400000000000002E+001  5.6519169182969726E+001
 2.4450000000000003E+001  5.6214294179202966E+001
 2.4500000000000000E+001  5.5868042873937199E+001
 2.4550000000000001E+001  5.5283876909730232E+001
 2.4600000000000001E+001  5.4088695568577961E+001
 2.4650000000000002E+001  5.3274780258322018E+001
 2.4700000000000003E+001  5.2555550286246358E+001
 2.4750000000000000E+001  5.2500780357935376E+001
 2.4800000000000001E+001  5.1609416220730488E+001
 2.4850000000000001E+001  5.1647467165501666E+001
 2.4900000000000002E+001  5.1805766072628025E+001
 2.4950000000000003E+001  5.2442450074666716E+001
 2.5000000000000000E+001  5.2358139666585828E+001
 2.5050000000000001E+001  5.2219270130660568E+001
 2.5100000000000001E+001  5.2148162926227997E+001
 2.5150000000000002E+001  5.2312605044515735E+001
 2.5200000000000003E+001  5.1579521814762160E+001
 2.5250000000000000E+001  5.0731853662287428E+001
 2.5300000000000001E+001  5.0190934409922775E+001
 2.5350000000000001E+001  4.9591650073401112E+001
 2.5400000000000002E+001  4.9134575457931241E+001
 2.5450000000000003E+001  4.8274828840012013E+001
 2.5500000000000000E+001  4.8289577269904655E+001
 2.5550000000000001E+001  4.8390537872473089E+001
 2.5600000000000001E+001  4.8661232289883536E+001
 2.5650000000000002E+001  4.8497957661632519E+001
 2.5700000000000003E+001  4.8812367696655819E+001
 2.5750000000000000E+001  4.8778842283340509E+001
 2.5800000000000001E+001  4.8731496250480483E+001
 2.5850000000000001E+001  4.8562003982459686E+001
 2.5900000000000002E+001  4.9100232036627318E+001
 2.5950000000000003E+001  4.9237762088206715E+001
 2.6000000000000000E+001  4.8961238918858633E+001
 2.6050000000000001E+001  4.8265685641605224E+001
 2.6100000000000001E+001  4.7684276669229114E+001
 2.6150000000000002E+001  4.7332746467343725E+001
 2.6200000000000003E+001  4.7068760495328519E+001
 2.6250000000000000E+001  4.6981419216253720E+001
 2.6300000000000001E+001  4.6690526704062727E+001
 2.6350000000000001E+001  4.6609164505799214E+001
 2.6400000000000002E+001  4.6150683023583412E+001
 2.6450000000000003E+001  4.5820011196436234E+001
 2.6500000000000000E+001  4.5714703519617032E+001
 2.6550000000000001E+001  4.5691541383140247E+001
 2.6600000000000001E+001  4.5729950405991723E+001
 2.6650000000000002E+001  4.5636696667712464E+001
 2.6700000000000003E+001  4.5608413954951224E+001
 2.6750000000000000E+001  4.5833385172681993E+001
 2.6800000000000001E+001  4.5937419384221371E+001
 2.6850000000000001E+001  4.6180815412495129E+001
 2.6900000000000002E+001  4.6070846287017964E+001
 2.6950000000000003E+001  4.5556273052822419E+001
 2.7000000000000000E+001  4.5632324841223443E+001
 2.7050000000000001E+001  4.5787433820577256E+001
 2.7100000000000001E+001  4.5274830210336745E+001
 2.7150000000000002E+001  4.4844288629035418E+001
 2.7200000000000003E+001  4.4590059635339770E+001
 2.7250000000000000E+001  4.4543850953067455E+001
 2.7300000000000001E+001  4.4088927580169916E+001
 2.7350000000000001E+001  4.3934626412246409E+001
 2.7400000000000002E+001  4.3599959458009955E+001
 2.7450000000000003E+001  4.3587244952734451E+001
 2.7500000000000000E+001  4.3248384523966791E+001
 2.7550000000000001E+001  4.3052627085429229E+001
 2.7600000000000001E+001  4.2862572574733292E+001
 2.7650000000000002E+001  4.2423510155457521E+001
 2.7700000000000003E+001  4.2068089511524768E+001
 2.7750000000000000E+001  4.1925141079497003E+001
 2.7800000000000001E+001  4.1957941654410988E+001
 2.7850000000000001E+001  4.1651032476908128E+001
 2.7900000000000002E+001  4.0978735550397786E+001
 2.7950000000000003E+001  4.0594655588371474E+001
 2.8000000000000000E+001  4.0554378682192116E+001
 2.8050000000000001E+001  4.0739993120188132E+001
 2.8100000000000001E+001  4.0711744625201746E+001
 2.8150000000000002E+001  4.0325915719322182E+001
 2.8200000000000003E+001  4.0215743722369510E+001
 2.8250000000000000E+001  4.0693747099565456E+001
 2.8300000000000001E+001  4.0902212692808320E+001
 2.8350000000000001E+001  4.0723953247200612E+001
 2.8400000000000002E+001  4.0499170641579049E+001
 2.8450000000000003E+001  4.0170997837725828E+001
 2.8500000000000000E+001  4.0055132783942298E+001
 2.8550000000000001E+001  3.9630875033838919E+001
 2.8600000000000001E+001  3.9367842952399890E+001
 2.8650000000000002E+001  3.9490095489253051E+001
 2.8700000000000003E+001  3.9919339677219163E+001
 2.8750000000000000E+001  4.0228624573594210E+001
 2.8800000000000001E+001  3.9761995584484083E+001
 2.8850000000000001E+001  3.9857846643409104E+001
 2.8900000000000002E+001  3.9899804060947012E+001
 2.8950000000000003E+001  3.9601325543381840E+001
 2.9000000000000000E+001  3.9199313861946756E+001
 2.9050000000000001E+001  3.9739369306665296E+001
 2.9100000000000001E+001  4.0009243800698677E+001
 2.9150000000000002E+001  3.9826966187598210E+001
 2.9200000000000003E+001  3.9911548302999243E+001
 2.9250000000000000E+001  3.9915771056612655E+001
 2.9300000000000001E+001  3.9870832503871398E+001
 2.9350000000000001E+001  3.9791296443873698E+001
 2.9400000000000002E+001  3.9484122549608799E+001
 2.9450000000000003E+001  3.8948666330222387E+001
 2.9500000000000000E+001  3.8902660848900595E+001
 2.9550000000000001E+001  3.8857294496364538E+001
 2.9600000000000001E+001  3.8515425521178088E+001
 2.9650000000000002E+001  3.8794239118965820E+001
 2.9700000000000003E+001  3.8514353811726913E+001
 2.9750000000000000E+001  3.8301655681769638E+001
 2.9800000000000001E+001  3.8535029068924338E+001
 2.9850000000000001E+001  3.8754585021820191E+001
 2.9900000000000002E+001  3.8952023482000371E+001
 2.9950000000000003E+001  3.8979312309550103E+001
 3.0000000000000000E+001  3.9112123609789585E+001
 3.0050000000000001E+001  3.8705807314716253E+001
 3.0100000000000001E+001  3.8197899750802549E+001
 3.0150000000000002E+001  3.8576514842951241E+001
 3.0200000000000003E+001  3.8848516921876360E+001
 3.0250000000000000E+001  3.8445666745388863E+001
 3.0300000000000001E+001  3.8344756362389020E+001
 3.0350000000000001E+001  3.8074173475139666E+001
 3.0400000000000002E+001  3.7980539693880615E+001
 3.0450000000000003E+001  3.7999244978310081E+001
 3.0500000000000000E+001  3.8481562369104857E+001
 3.0550000000000001E+001  3.8394027294114316E+001
 3.0600000000000001E+001  3.8344406447832277E+001
 3.0650000000000002E+001  3.8495960968065027E+001
 3.0700000000000003E+001  3.8586198466206483E+001
 3.0750000000000000E+001  3.8575104240193440E+001
 3.0800000000000001E+001  3.9031179148338524E+001
 3.0850000000000001E+001  3.8684909358299137E+001
 3.0900000000000002E+001  3.8720823394118348E+001
 3.0950000000000003E+001  3.8383171755344598E+001
 3.1000000000000000E+001  3.8258838014093001E+001
 3.1050000000000001E+001  3.8496665633495837E+001
 3.1100000000000001E+001  3.8790279106891603E+001
 3.1150000000000002E+001  3.8846705364275579E+001
 3.1200000000000003E+001  3.8929343109615012E+001
 3.1250000000000000E+001  3.8794755201840509E+001
 3.1300000000000001E+001  3.8583730593764166E+001
 3.1350000000000001E+001  3.8355899627233271E+001
 3.1400000000000002E+001  3.8826758734328678E+001
 3.1450000000000003E+001  3.9538594196935691E+001
 3.1500000000000000E+001  3.9594111127077994E+001
 3.1550000000000001E+001  3.9567763747193446E+001
 3.1600000000000001E+001  3.9500126761438743E+001
 3.1650000000000002E+001  3.9537708653991963E+001
 3.1700000000000003E+001  3.9621699357169803E+001
 3.1750000000000000E+001  3.9772605455876295E+001
 3.1800000000000001E+001  3.9642227053338623E+001
 3.1850000000000001E+001  3.9610317244903264E+001
 3.1900000000000002E+001  3.9825616118796361E+001
 3.1950000000000003E+001  3.9694330660576412E+001
 3.2000000000000000E+001  3.9530225913185170E+001
 3.2050000000000004E+001  3.9694692728932814E+001
 3.2100000000000001E+001  3.9702494786283779E+001
 3.2149999999999999E+001  3.9678122418983911E+001
 3.2200000000000003E+001  3.9938684929365721E+001
 3.2250000000000000E+001  4.0015478180076748E+001
 3.2300000000000004E+001  4.0277683664573296E+001
 3.2350000000000001E+001  4.0638797311059385E+001
 3.2399999999999999E+001  4.0521697105725984E+001
 3.2450000000000003E+001  4.0617320117883402E+001
 3.2500000000000000E+001  4.0920140813770672E+001
 3.2550000000000004E+001  4.0633140685279265E+001
 3.2600000000000001E+001  4.0643411794500246E+001
 3.2649999999999999E+001  4.0263236540487917E+001
 3.2700000000000003E+001  3.9771050396461831E+001
 3.2750000000000000E+001  4.0222150885397596E+001
 3.2800000000000004E+001  4.0309982739827284E+001
 3.2850000000000001E+001  4.0093248372637511E+001
 3.2899999999999999E+001  4.0441261692487544E+001
 3.2950000000000003E+001  4.0730874841979180E+001
 3.3000000000000000E+001  4.0876599715846986E+001
 3.3050000000000004E+001  4.0782171799458297E+001
 3.3100000000000001E+001  4.0987549355238336E+001
 3.3149999999999999E+001  4.0974495620549398E+001
 3.3200000000000003E+001  4.0775939788461152E+001
 3.3250000000000000E+001  4.0575945568405537E+001
 3.3300000000000004E+001  4.0127695124041260E+001
 3.3350000000000001E+001  3.9628751061526224E+001
 3.3399999999999999E+001  3.9512589674461374E+001
 3.3450000000000003E+001  3.9488818970482164E+001
 3.3500000000000000E+001  3.9601009971985093E+001
 3.3550000000000004E+001  3.9436418717941699E+001
 3.3600000000000001E+001  3.9071808328455930E+001
 3.3649999999999999E+001  3.8962232857763354E+001
 3.3700000000000003E+001  3.9012064058046079E+001
 3.3750000000000000E+001  3.8993679266988380E+001
 3.3800000000000004E+001  3.8779813275159157E+001
 3.3850000000000001E+001  3.8531411806787958E+001
 3.3899999999999999E+001  3.8599251031346263E+001
 3.3950000000000003E+001  3.8798034708785572E+001
 3.4000000000000000E+001  3.8572044458796519E+001
 3.4050000000000004E+001  3.8883032130721936E+001
 3.4100000000000001E+001  3.9119600820256778E+001
 3.4149999999999999E+001  3.9342881446411525E+001
 3.4200000000000003E+001  3.9244986781922236E+001
 3.4250000000000000E+001  3.9040688231803010E+001
 3.4300000000000004E+001  3.9146391597976134E+001
 3.4350000000000001E+001  3.8672299943228658E+001
 3.4399999999999999E+001  3.8522137194989668E+001
 3.4450000000000003E+001  3.8427664012912558E+001
 3.4500000000000000E+001  3.8559398271622278E+001
 3.4550000000000004E+001  3.8766440963690570E+001
 3.4600000000000001E+001  3.8616756140500712E+001
 3.4649999999999999E+001  3.7904753815438767E+001
 3.4700000000000003E+001  3.8199249945391145E+001
 3.4750000000000000E+001  3.8545462636577206E+001
 3.4800000000000004E+001  3.8573373789583023E+001
 3.4850000000000001E+001  3.8439994023426173E+001
 3.4899999999999999E+001  3.8465893232246756E+001
 3.4950000000000003E+001  3.8564381173733580E+001
 3.5000000000000000E+001  3.8550584906165184E+001
 3.5050000000000004E+001  3.8869281862759074E+001
 3.5100000000000001E+001  3.8881441876105278E+001
 3.5149999999999999E+001  3.8977199349691901E+001
 3.5200000000000003E+001  3.8863368685295328E+001
 3.5250000000000000E+001  3.8240639069859959E+001
 3.5300000000000004E+001  3.8236136168744210E+001
 3.5350000000000001E+001  3.8481806905598908E+001
 3.5399999999999999E+001  3.8236223910442071E+001
 3.5450000000000003E+001  3.7621446609568167E+001
 3.5500000000000000E+001  3.7379827399119506E+001
 3.5550000000000004E+001  3.7055910488308847E+001
 3.5600000000000001E+001  3.6600828337784215E+001
 3.5649999999999999E+001  3.6400868948462765E+001
 3.5700000000000003E+001  3.6235733001618897E+001
 3.5750000000000000E+001  3.5959452640204958E+001
 3.5800000000000004E+001  3.5633713671435963E+001
 3.5850000000000001E+001  3.5817019106652502E+001
 3.5899999999999999E+001  3.5893639560465203E+001
 3.5950000000000003E+001  3.5642130066883247E+001
 3.6000000000000000E+001  3.5463411419413688E+001
 3.6050000000000004E+001  3.5470379373388660E+001
 3.6100000000000001E+001  3.5878743595563378E+001
 3.6149999999999999E+001  3.6219092129174967E+001
 3.6200000000000003E+001  3.6075772149575300E+001
 3.6250000000000000E+001  3.6000729415188914E+001
 3.6300000000000004E+001  3.5789534613223474E+001
 3.6350000000000001E+001  3.5217780458369191E+001
 3.6399999999999999E+001  3.4965573320370098E+001
 3.6450000000000003E+001  3.5379349323192002E+001
 3.6500000000000000E+001  3.5565234761074763E+001
 3.6550000000000004E+001  3.5050101427066160E+001
 3.6600000000000001E+001  3.5519563731139357E+001
 3.6649999999999999E+001  3.5136919082412057E+001
 3.6700000000000003E+001  3.5010083602408201E+001
 3.6750000000000000E+001  3.5509097700824931E+001
 3.6800000000000004E+001  3.5577599280723447E+001
 3.6850000000000001E+001  3.5200307643963718E+001
 3.6899999999999999E+001  3.5599652341424942E+001
 3.6950000000000003E+001  3.5577242909267703E+001
 3.7000000000000000E+001  3.5098285237444799E+001
 3.7050000000000004E+001  3.5335467896913237E+001
 3.7100000000000001E+001  3.4902180188492864E+001
 3.7149999999999999E+001  3.5173720790364357E+001
 3.7200000000000003E+001  3.5198832240830043E+001
 3.7250000000000000E+001  3.4651338816700722E+001
 3.7300000000000004E+001  3.4071240150139801E+001
 3.7350000000000001E+001  3.3958654684193604E+001
 3.7399999999999999E+001  3.4718122790794688E+001
 3.7450000000000003E+001  3.4758500275135809E+001
 3.7500000000000000E+001  3.4498999863063268E+001
 3.7550000000000004E+001  3.4375779898363007E+001
 3.7600000000000001E+001  3.4410465643998435E+001
 3.7649999999999999E+001  3.4546543920239451E+001
 3.7700000000000003E+001  3.4715521524761840E+001
 3.7750000000000000E+001  3.4084421298314332E+001
 3.7800000000000004E+001  3.3308623351276339E+001
 3.7850000000000001E+001  3.2950383083605793E+001
 3.7899999999999999E+001  3.2962825899074652E+001
 3.7950000000000003E+001  3.3751883500712523E+001
 3.8000000000000000E+001  3.3385775212715835E+001
 3.8050000000000004E+001  3.2961889053703963E+001
 3.8100000000000001E+001  3.3154692652693186E+001
 3.8149999999999999E+001  3.3812466863819822E+001
 3.8200000000000003E+001  3.3942494847670048E+001
 3.8250000000000000E+001  3.3347320731205293E+001
 3.8300000000000004E+001  3.2848946076298681E+001
 3.8350000000000001E+001  3.3615742560564591E+001
 3.8400000000000006E+001  3.3022334907396157E+001
 3.8450000000000003E+001  3.3532640155945963E+001
 3.8500000000000000E+001  3.3962738488238848E+001
 3.8550000000000004E+001  3.3782766505340554E+001
 3.8600000000000001E+001  3.2911513269172289E+001
 3.8650000000000006E+001  3.3136514150091294E+001
 3.8700000000000003E+001  3.3335549909717770E+001
 3.8750000000000000E+001  3.3906307839568413E+001
 3.8800000000000004E+001  3.3664329588816834E+001
 3.8850000000000001E+001  3.3317935556699290E+001
 3.8900000000000006E+001  3.2308276375304885E+001
 3.8950000000000003E+001  3.1859834077550733E+001
 3.9000000000000000E+001  3.1958267769948524E+001
 3.9050000000000004E+001  3.1491136711415258E+001
 3.9100000000000001E+001  3.1239440642972514E+001
 3.9150000000000006E+001  3.1430060471534027E+001
 3.9200000000000003E+001  3.2336149437031310E+001
 3.9250000000000000E+001  3.2480283007613096E+001
 3.9300000000000004E+001  3.1777706945148221E+001
 3.9350000000000001E+001  3.2591142275322952E+001
 3.9400000000000006E+001  3.2770673894493747E+001
 3.9450000000000003E+001  3.2365580726948814E+001
 3.9500000000000000E+001  3.2143666426698523E+001
 3.9550000000000004E+001  3.2250451743731709E+001
 3.9600000000000001E+001  3.1245241027465273E+001
 3.9650000000000006E+001  3.2056695799051205E+001
 3.9700000000000003E+001  3.1702098892531879E+001
 3.9750000000000000E+001  3.2068015797143914E+001
 3.9800000000000004E+001  3.2235488893250455E+001
 3.9850000000000001E+001  3.2229853030281738E+001
 3.9900000000000006E+001  3.1517757584859510E+001
 3.9950000000000003E+001  3.1012385837074813E+001
 4.0000000000000000E+001  3.0943746844015777E+001
 4.0050000000000004E+001  3.0538828621398654E+001
 4.0100000000000001E+001  3.1580789761654753E+001
 4.0150000000000006E+001  3.1692323198712057E+001
 4.0200000000000003E+001  3.0921578897375049E+001
 4.0250000000000000E+001  3.1743005002539949E+001
 4.0300000000000004E+001  3.2256868791518940E+001
 4.0350000000000001E+001  3.0108831794192753E+001
 4.0400000000000006E+001  3.1279804103615763E+001
 4.0450000000000003E+001  3.1693401160686307E+001
 4.0500000000000000E+001  3.1562710846948313E+001
 4.0550000000000004E+001  3.1965439225247437E+001
 4.0600000000000001E+001  3.1887999540258630E+001
 4.0650000000000006E+001  3.0879079929096555E+001
 4.0700000000000003E+001  2.9617577874534451E+001
 4.0750000000000000E+001  2.9328992791222504E+001
 4.0800000000000004E+001  2.9337589315008959E+001
 4.0850000000000001E+001  2.9213741328116161E+001
 4.0900000000000006E+001  2.9680433938490495E+001
 4.0950000000000003E+001  3.2281177138251898E+001
 4.1000000000000000E+001  3.1645592049449519E+001
 4.1050000000000004E+001  3.4790385624556237E+001
 4.1100000000000001E+001  3.4127699622431848E+001
 4.1150000000000006E+001  3.8205678382527353E+001
 4.1200000000000003E+001  3.0120951622758579E+001
 4.1250000000000000E+001  3.2918324906538096E+001
